-10 -10 200
-10 -9.6 192.8
-10 -9.2 185.6
-10 -8.8 178.4
-10 -8.4 171.2
-10 -8 164
-10 -7.6 158.4
-10 -7.2 152.8
-10 -6.8 147.2
-10 -6.4 141.6
-10 -6 136
-10 -5.6 132
-10 -5.2 128
-10 -4.8 124
-10 -4.4 120
-10 -4 116
-10 -3.6 113.6
-10 -3.2 111.2
-10 -2.8 108.8
-10 -2.4 106.4
-10 -2 104
-10 -1.6 103.2
-10 -1.2 102.4
-10 -0.8 101.6
-10 -0.4 100.8
-10 0 100
-10 0.4 100.8
-10 0.8 101.6
-10 1.2 102.4
-10 1.6 103.2
-10 2 104
-10 2.4 106.4
-10 2.8 108.8
-10 3.2 111.2
-10 3.6 113.6
-10 4 116
-10 4.4 120
-10 4.8 124
-10 5.2 128
-10 5.6 132
-10 6 136
-10 6.4 141.6
-10 6.8 147.2
-10 7.2 152.8
-10 7.6 158.4
-10 8 164
-10 8.4 171.2
-10 8.8 178.4
-10 9.2 185.6
-10 9.6 192.8
-10 10 200
-9.6 -10 192.8
-9.6 -9.6 185.6
-9.6 -9.2 178.4
-9.6 -8.8 171.2
-9.6 -8.4 164
-9.6 -8 156.8
-9.6 -7.6 151.2
-9.6 -7.2 145.6
-9.6 -6.8 140
-9.6 -6.4 134.4
-9.6 -6 128.8
-9.6 -5.6 124.8
-9.6 -5.2 120.8
-9.6 -4.8 116.8
-9.6 -4.4 112.8
-9.6 -4 108.8
-9.6 -3.6 106.4
-9.6 -3.2 104
-9.6 -2.8 101.6
-9.6 -2.4 99.2
-9.6 -2 96.8
-9.6 -1.6 96
-9.6 -1.2 95.2
-9.6 -0.8 94.4
-9.6 -0.4 0
-9.6 0 92.8
-9.6 0.4 93.6
-9.6 0.8 94.4
-9.6 1.2 95.2
-9.6 1.6 0
-9.6 2 96.8
-9.6 2.4 99.2
-9.6 2.8 101.6
-9.6 3.2 104
-9.6 3.6 0
-9.6 4 108.8
-9.6 4.4 112.8
-9.6 4.8 116.8
-9.6 5.2 120.8
-9.6 5.6 0
-9.6 6 128.8
-9.6 6.4 134.4
-9.6 6.8 140
-9.6 7.2 145.6
-9.6 7.6 0
-9.6 8 156.8
-9.6 8.4 164
-9.6 8.8 171.2
-9.6 9.2 178.4
-9.6 9.6 0
-9.6 10 192.8
-9.2 -10 185.6
-9.2 -9.6 178.4
-9.2 -9.2 171.2
-9.2 -8.8 164
-9.2 -8.4 156.8
-9.2 -8 149.6
-9.2 -7.6 144
-9.2 -7.2 138.4
-9.2 -6.8 132.8
-9.2 -6.4 127.2
-9.2 -6 121.6
-9.2 -5.6 117.6
-9.2 -5.2 113.6
-9.2 -4.8 109.6
-9.2 -4.4 105.6
-9.2 -4 101.6
-9.2 -3.6 99.2
-9.2 -3.2 96.8
-9.2 -2.8 94.4
-9.2 -2.4 92
-9.2 -2 89.6
-9.2 -1.6 88.8
-9.2 -1.2 88
-9.2 -0.8 0
-9.2 -0.4 86.4
-9.2 0 85.6
-9.2 0.4 86.4
-9.2 0.8 87.2
-9.2 1.2 0
-9.2 1.6 88.8
-9.2 2 89.6
-9.2 2.4 92
-9.2 2.8 94.4
-9.2 3.2 0
-9.2 3.6 99.2
-9.2 4 101.6
-9.2 4.4 105.6
-9.2 4.8 109.6
-9.2 5.2 0
-9.2 5.6 117.6
-9.2 6 121.6
-9.2 6.4 127.2
-9.2 6.8 132.8
-9.2 7.2 138.4
-9.2 7.6 144
-9.2 8 149.6
-9.2 8.4 156.8
-9.2 8.8 164
-9.2 9.2 171.2
-9.2 9.6 178.4
-9.2 10 185.6
-8.8 -10 178.4
-8.8 -9.6 171.2
-8.8 -9.2 164
-8.8 -8.8 156.8
-8.8 -8.4 149.6
-8.8 -8 142.4
-8.8 -7.6 136.8
-8.8 -7.2 131.2
-8.8 -6.8 125.6
-8.8 -6.4 120
-8.8 -6 114.4
-8.8 -5.6 110.4
-8.8 -5.2 106.4
-8.8 -4.8 102.4
-8.8 -4.4 98.4
-8.8 -4 94.4
-8.8 -3.6 92
-8.8 -3.2 89.6
-8.8 -2.8 87.2
-8.8 -2.4 84.8
-8.8 -2 82.4
-8.8 -1.6 81.6
-8.8 -1.2 80.8
-8.8 -0.8 80
-8.8 -0.4 79.2
-8.8 0 78.4
-8.8 0.4 79.2
-8.8 0.8 80
-8.8 1.2 80.8
-8.8 1.6 81.6
-8.8 2 82.4
-8.8 2.4 84.8
-8.8 2.8 87.2
-8.8 3.2 89.6
-8.8 3.6 92
-8.8 4 94.4
-8.8 4.4 98.4
-8.8 4.8 102.4
-8.8 5.2 106.4
-8.8 5.6 110.4
-8.8 6 114.4
-8.8 6.4 120
-8.8 6.8 125.6
-8.8 7.2 131.2
-8.8 7.6 136.8
-8.8 8 142.4
-8.8 8.4 149.6
-8.8 8.8 156.8
-8.8 9.2 164
-8.8 9.6 171.2
-8.8 10 178.4
-8.4 -10 171.2
-8.4 -9.6 164
-8.4 -9.2 156.8
-8.4 -8.8 149.6
-8.4 -8.4 142.4
-8.4 -8 135.2
-8.4 -7.6 129.6
-8.4 -7.2 124
-8.4 -6.8 118.4
-8.4 -6.4 112.8
-8.4 -6 107.2
-8.4 -5.6 103.2
-8.4 -5.2 99.2
-8.4 -4.8 95.2
-8.4 -4.4 91.2
-8.4 -4 87.2
-8.4 -3.6 84.8
-8.4 -3.2 82.4
-8.4 -2.8 80
-8.4 -2.4 77.6
-8.4 -2 75.2
-8.4 -1.6 74.4
-8.4 -1.2 73.6
-8.4 -0.8 72.8
-8.4 -0.4 72
-8.4 0 71.2
-8.4 0.4 72
-8.4 0.8 72.8
-8.4 1.2 73.6
-8.4 1.6 74.4
-8.4 2 75.2
-8.4 2.4 77.6
-8.4 2.8 80
-8.4 3.2 82.4
-8.4 3.6 84.8
-8.4 4 87.2
-8.4 4.4 91.2
-8.4 4.8 95.2
-8.4 5.2 99.2
-8.4 5.6 103.2
-8.4 6 107.2
-8.4 6.4 112.8
-8.4 6.8 118.4
-8.4 7.2 124
-8.4 7.6 129.6
-8.4 8 135.2
-8.4 8.4 142.4
-8.4 8.8 149.6
-8.4 9.2 156.8
-8.4 9.6 164
-8.4 10 171.2
-8 -10 164
-8 -9.6 156.8
-8 -9.2 149.6
-8 -8.8 142.4
-8 -8.4 135.2
-8 -8 128
-8 -7.6 122.4
-8 -7.2 116.8
-8 -6.8 111.2
-8 -6.4 105.6
-8 -6 100
-8 -5.6 96
-8 -5.2 92
-8 -4.8 88
-8 -4.4 84
-8 -4 80
-8 -3.6 77.6
-8 -3.2 75.2
-8 -2.8 72.8
-8 -2.4 70.4
-8 -2 68
-8 -1.6 67.2
-8 -1.2 66.4
-8 -0.8 65.6
-8 -0.4 64.8
-8 0 64
-8 0.4 64.8
-8 0.8 65.6
-8 1.2 66.4
-8 1.6 67.2
-8 2 68
-8 2.4 70.4
-8 2.8 72.8
-8 3.2 75.2
-8 3.6 77.6
-8 4 80
-8 4.4 84
-8 4.8 88
-8 5.2 92
-8 5.6 96
-8 6 100
-8 6.4 105.6
-8 6.8 111.2
-8 7.2 116.8
-8 7.6 122.4
-8 8 128
-8 8.4 135.2
-8 8.8 142.4
-8 9.2 149.6
-8 9.6 156.8
-8 10 164
-7.6 -10 158.4
-7.6 -9.6 151.2
-7.6 -9.2 144
-7.6 -8.8 136.8
-7.6 -8.4 129.6
-7.6 -8 122.4
-7.6 -7.6 116.8
-7.6 -7.2 111.2
-7.6 -6.8 105.6
-7.6 -6.4 100
-7.6 -6 94.4
-7.6 -5.6 90.4
-7.6 -5.2 86.4
-7.6 -4.8 82.4
-7.6 -4.4 78.4
-7.6 -4 74.4
-7.6 -3.6 72
-7.6 -3.2 69.6
-7.6 -2.8 67.2
-7.6 -2.4 64.8
-7.6 -2 62.4
-7.6 -1.6 61.6
-7.6 -1.2 60.8
-7.6 -0.8 60
-7.6 -0.4 0
-7.6 0 58.4
-7.6 0.4 59.2
-7.6 0.8 60
-7.6 1.2 60.8
-7.6 1.6 0
-7.6 2 62.4
-7.6 2.4 64.8
-7.6 2.8 67.2
-7.6 3.2 69.6
-7.6 3.6 0
-7.6 4 74.4
-7.6 4.4 78.4
-7.6 4.8 82.4
-7.6 5.2 86.4
-7.6 5.6 0
-7.6 6 94.4
-7.6 6.4 100
-7.6 6.8 105.6
-7.6 7.2 111.2
-7.6 7.6 0
-7.6 8 122.4
-7.6 8.4 129.6
-7.6 8.8 136.8
-7.6 9.2 144
-7.6 9.6 0
-7.6 10 158.4
-7.2 -10 152.8
-7.2 -9.6 145.6
-7.2 -9.2 138.4
-7.2 -8.8 131.2
-7.2 -8.4 124
-7.2 -8 116.8
-7.2 -7.6 111.2
-7.2 -7.2 105.6
-7.2 -6.8 100
-7.2 -6.4 94.4
-7.2 -6 88.8
-7.2 -5.6 84.8
-7.2 -5.2 80.8
-7.2 -4.8 76.8
-7.2 -4.4 72.8
-7.2 -4 68.8
-7.2 -3.6 66.4
-7.2 -3.2 64
-7.2 -2.8 61.6
-7.2 -2.4 59.2
-7.2 -2 56.8
-7.2 -1.6 56
-7.2 -1.2 55.2
-7.2 -0.8 0
-7.2 -0.4 53.6
-7.2 0 52.8
-7.2 0.4 53.6
-7.2 0.8 54.4
-7.2 1.2 0
-7.2 1.6 56
-7.2 2 56.8
-7.2 2.4 59.2
-7.2 2.8 61.6
-7.2 3.2 0
-7.2 3.6 66.4
-7.2 4 68.8
-7.2 4.4 72.8
-7.2 4.8 76.8
-7.2 5.2 0
-7.2 5.6 84.8
-7.2 6 88.8
-7.2 6.4 94.4
-7.2 6.8 100
-7.2 7.2 105.6
-7.2 7.6 111.2
-7.2 8 116.8
-7.2 8.4 124
-7.2 8.8 131.2
-7.2 9.2 138.4
-7.2 9.6 145.6
-7.2 10 152.8
-6.8 -10 147.2
-6.8 -9.6 140
-6.8 -9.2 0
-6.8 -8.8 125.6
-6.8 -8.4 118.4
-6.8 -8 111.2
-6.8 -7.6 105.6
-6.8 -7.2 0
-6.8 -6.8 94.4
-6.8 -6.4 88.8
-6.8 -6 83.2
-6.8 -5.6 79.2
-6.8 -5.2 0
-6.8 -4.8 71.2
-6.8 -4.4 67.2
-6.8 -4 63.2
-6.8 -3.6 60.8
-6.8 -3.2 0
-6.8 -2.8 56
-6.8 -2.4 53.6
-6.8 -2 51.2
-6.8 -1.6 50.4
-6.8 -1.2 0
-6.8 -0.8 48.8
-6.8 -0.4 48
-6.8 0 47.2
-6.8 0.4 48
-6.8 0.8 0
-6.8 1.2 49.6
-6.8 1.6 50.4
-6.8 2 51.2
-6.8 2.4 53.6
-6.8 2.8 0
-6.8 3.2 58.4
-6.8 3.6 60.8
-6.8 4 63.2
-6.8 4.4 67.2
-6.8 4.8 0
-6.8 5.2 75.2
-6.8 5.6 79.2
-6.8 6 83.2
-6.8 6.4 88.8
-6.8 6.8 0
-6.8 7.2 100
-6.8 7.6 105.6
-6.8 8 111.2
-6.8 8.4 118.4
-6.8 8.8 0
-6.8 9.2 132.8
-6.8 9.6 140
-6.8 10 147.2
-6.4 -10 141.6
-6.4 -9.6 134.4
-6.4 -9.2 127.2
-6.4 -8.8 120
-6.4 -8.4 112.8
-6.4 -8 105.6
-6.4 -7.6 100
-6.4 -7.2 94.4
-6.4 -6.8 88.8
-6.4 -6.4 83.2
-6.4 -6 77.6
-6.4 -5.6 73.6
-6.4 -5.2 69.6
-6.4 -4.8 65.6
-6.4 -4.4 61.6
-6.4 -4 57.6
-6.4 -3.6 55.2
-6.4 -3.2 52.8
-6.4 -2.8 50.4
-6.4 -2.4 48
-6.4 -2 45.6
-6.4 -1.6 44.8
-6.4 -1.2 44
-6.4 -0.8 43.2
-6.4 -0.4 42.4
-6.4 0 41.6
-6.4 0.4 42.4
-6.4 0.8 43.2
-6.4 1.2 44
-6.4 1.6 44.8
-6.4 2 45.6
-6.4 2.4 48
-6.4 2.8 50.4
-6.4 3.2 52.8
-6.4 3.6 55.2
-6.4 4 57.6
-6.4 4.4 61.6
-6.4 4.8 65.6
-6.4 5.2 69.6
-6.4 5.6 73.6
-6.4 6 77.6
-6.4 6.4 83.2
-6.4 6.8 88.8
-6.4 7.2 94.4
-6.4 7.6 100
-6.4 8 105.6
-6.4 8.4 112.8
-6.4 8.8 120
-6.4 9.2 127.2
-6.4 9.6 134.4
-6.4 10 141.6
-6 -10 136
-6 -9.6 128.8
-6 -9.2 121.6
-6 -8.8 114.4
-6 -8.4 107.2
-6 -8 100
-6 -7.6 94.4
-6 -7.2 88.8
-6 -6.8 83.2
-6 -6.4 77.6
-6 -6 72
-6 -5.6 68
-6 -5.2 64
-6 -4.8 60
-6 -4.4 56
-6 -4 52
-6 -3.6 49.6
-6 -3.2 47.2
-6 -2.8 44.8
-6 -2.4 42.4
-6 -2 40
-6 -1.6 39.2
-6 -1.2 38.4
-6 -0.8 37.6
-6 -0.4 36.8
-6 0 36
-6 0.4 36.8
-6 0.8 37.6
-6 1.2 38.4
-6 1.6 39.2
-6 2 40
-6 2.4 42.4
-6 2.8 44.8
-6 3.2 47.2
-6 3.6 49.6
-6 4 52
-6 4.4 56
-6 4.8 60
-6 5.2 64
-6 5.6 68
-6 6 72
-6 6.4 77.6
-6 6.8 83.2
-6 7.2 88.8
-6 7.6 94.4
-6 8 100
-6 8.4 107.2
-6 8.8 114.4
-6 9.2 121.6
-6 9.6 128.8
-6 10 136
-5.6 -10 132
-5.6 -9.6 124.8
-5.6 -9.2 117.6
-5.6 -8.8 110.4
-5.6 -8.4 103.2
-5.6 -8 96
-5.6 -7.6 90.4
-5.6 -7.2 84.8
-5.6 -6.8 79.2
-5.6 -6.4 73.6
-5.6 -6 68
-5.6 -5.6 64
-5.6 -5.2 60
-5.6 -4.8 56
-5.6 -4.4 52
-5.6 -4 48
-5.6 -3.6 45.6
-5.6 -3.2 43.2
-5.6 -2.8 40.8
-5.6 -2.4 38.4
-5.6 -2 36
-5.6 -1.6 35.2
-5.6 -1.2 34.4
-5.6 -0.8 33.6
-5.6 -0.4 0
-5.6 0 32
-5.6 0.4 32.8
-5.6 0.8 33.6
-5.6 1.2 34.4
-5.6 1.6 0
-5.6 2 36
-5.6 2.4 38.4
-5.6 2.8 40.8
-5.6 3.2 43.2
-5.6 3.6 0
-5.6 4 48
-5.6 4.4 52
-5.6 4.8 56
-5.6 5.2 60
-5.6 5.6 0
-5.6 6 68
-5.6 6.4 73.6
-5.6 6.8 79.2
-5.6 7.2 84.8
-5.6 7.6 0
-5.6 8 96
-5.6 8.4 103.2
-5.6 8.8 110.4
-5.6 9.2 117.6
-5.6 9.6 0
-5.6 10 132
-5.2 -10 128
-5.2 -9.6 120.8
-5.2 -9.2 113.6
-5.2 -8.8 106.4
-5.2 -8.4 99.2
-5.2 -8 92
-5.2 -7.6 86.4
-5.2 -7.2 80.8
-5.2 -6.8 75.2
-5.2 -6.4 69.6
-5.2 -6 64
-5.2 -5.6 60
-5.2 -5.2 56
-5.2 -4.8 52
-5.2 -4.4 48
-5.2 -4 44
-5.2 -3.6 41.6
-5.2 -3.2 39.2
-5.2 -2.8 36.8
-5.2 -2.4 34.4
-5.2 -2 32
-5.2 -1.6 31.2
-5.2 -1.2 30.4
-5.2 -0.8 0
-5.2 -0.4 28.8
-5.2 0 28
-5.2 0.4 28.8
-5.2 0.8 29.6
-5.2 1.2 0
-5.2 1.6 31.2
-5.2 2 32
-5.2 2.4 34.4
-5.2 2.8 36.8
-5.2 3.2 0
-5.2 3.6 41.6
-5.2 4 44
-5.2 4.4 48
-5.2 4.8 52
-5.2 5.2 0
-5.2 5.6 60
-5.2 6 64
-5.2 6.4 69.6
-5.2 6.8 75.2
-5.2 7.2 80.8
-5.2 7.6 86.4
-5.2 8 92
-5.2 8.4 99.2
-5.2 8.8 106.4
-5.2 9.2 113.6
-5.2 9.6 120.8
-5.2 10 128
-4.8 -10 124
-4.8 -9.6 116.8
-4.8 -9.2 0
-4.8 -8.8 102.4
-4.8 -8.4 95.2
-4.8 -8 88
-4.8 -7.6 82.4
-4.8 -7.2 0
-4.8 -6.8 71.2
-4.8 -6.4 65.6
-4.8 -6 60
-4.8 -5.6 56
-4.8 -5.2 0
-4.8 -4.8 48
-4.8 -4.4 44
-4.8 -4 40
-4.8 -3.6 37.6
-4.8 -3.2 0
-4.8 -2.8 32.8
-4.8 -2.4 30.4
-4.8 -2 28
-4.8 -1.6 27.2
-4.8 -1.2 0
-4.8 -0.8 25.6
-4.8 -0.4 24.8
-4.8 0 24
-4.8 0.4 24.8
-4.8 0.8 0
-4.8 1.2 26.4
-4.8 1.6 27.2
-4.8 2 28
-4.8 2.4 30.4
-4.8 2.8 0
-4.8 3.2 35.2
-4.8 3.6 37.6
-4.8 4 40
-4.8 4.4 44
-4.8 4.8 0
-4.8 5.2 52
-4.8 5.6 56
-4.8 6 60
-4.8 6.4 65.6
-4.8 6.8 0
-4.8 7.2 76.8
-4.8 7.6 82.4
-4.8 8 88
-4.8 8.4 95.2
-4.8 8.8 0
-4.8 9.2 109.6
-4.8 9.6 116.8
-4.8 10 124
-4.4 -10 120
-4.4 -9.6 112.8
-4.4 -9.2 105.6
-4.4 -8.8 98.4
-4.4 -8.4 91.2
-4.4 -8 84
-4.4 -7.6 78.4
-4.4 -7.2 72.8
-4.4 -6.8 67.2
-4.4 -6.4 61.6
-4.4 -6 56
-4.4 -5.6 52
-4.4 -5.2 48
-4.4 -4.8 44
-4.4 -4.4 40
-4.4 -4 36
-4.4 -3.6 33.6
-4.4 -3.2 31.2
-4.4 -2.8 28.8
-4.4 -2.4 26.4
-4.4 -2 24
-4.4 -1.6 23.2
-4.4 -1.2 22.4
-4.4 -0.8 21.6
-4.4 -0.4 20.8
-4.4 0 20
-4.4 0.4 20.8
-4.4 0.8 21.6
-4.4 1.2 22.4
-4.4 1.6 23.2
-4.4 2 24
-4.4 2.4 26.4
-4.4 2.8 28.8
-4.4 3.2 31.2
-4.4 3.6 33.6
-4.4 4 36
-4.4 4.4 40
-4.4 4.8 44
-4.4 5.2 48
-4.4 5.6 52
-4.4 6 56
-4.4 6.4 61.6
-4.4 6.8 67.2
-4.4 7.2 72.8
-4.4 7.6 78.4
-4.4 8 84
-4.4 8.4 91.2
-4.4 8.8 98.4
-4.4 9.2 105.6
-4.4 9.6 112.8
-4.4 10 120
-4 -10 116
-4 -9.6 108.8
-4 -9.2 101.6
-4 -8.8 94.4
-4 -8.4 87.2
-4 -8 80
-4 -7.6 74.4
-4 -7.2 68.8
-4 -6.8 63.2
-4 -6.4 57.6
-4 -6 52
-4 -5.6 48
-4 -5.2 44
-4 -4.8 40
-4 -4.4 36
-4 -4 32
-4 -3.6 29.6
-4 -3.2 27.2
-4 -2.8 24.8
-4 -2.4 22.4
-4 -2 20
-4 -1.6 19.2
-4 -1.2 18.4
-4 -0.8 17.6
-4 -0.4 16.8
-4 0 16
-4 0.4 16.8
-4 0.8 17.6
-4 1.2 18.4
-4 1.6 19.2
-4 2 20
-4 2.4 22.4
-4 2.8 24.8
-4 3.2 27.2
-4 3.6 29.6
-4 4 32
-4 4.4 36
-4 4.8 40
-4 5.2 44
-4 5.6 48
-4 6 52
-4 6.4 57.6
-4 6.8 63.2
-4 7.2 68.8
-4 7.6 74.4
-4 8 80
-4 8.4 87.2
-4 8.8 94.4
-4 9.2 101.6
-4 9.6 108.8
-4 10 116
-3.6 -10 113.6
-3.6 -9.6 106.4
-3.6 -9.2 99.2
-3.6 -8.8 92
-3.6 -8.4 84.8
-3.6 -8 77.6
-3.6 -7.6 72
-3.6 -7.2 66.4
-3.6 -6.8 60.8
-3.6 -6.4 55.2
-3.6 -6 49.6
-3.6 -5.6 45.6
-3.6 -5.2 41.6
-3.6 -4.8 37.6
-3.6 -4.4 33.6
-3.6 -4 29.6
-3.6 -3.6 27.2
-3.6 -3.2 24.8
-3.6 -2.8 22.4
-3.6 -2.4 20
-3.6 -2 17.6
-3.6 -1.6 16.8
-3.6 -1.2 16
-3.6 -0.8 15.2
-3.6 -0.4 0
-3.6 0 13.6
-3.6 0.4 14.4
-3.6 0.8 15.2
-3.6 1.2 16
-3.6 1.6 0
-3.6 2 17.6
-3.6 2.4 20
-3.6 2.8 22.4
-3.6 3.2 24.8
-3.6 3.6 0
-3.6 4 29.6
-3.6 4.4 33.6
-3.6 4.8 37.6
-3.6 5.2 41.6
-3.6 5.6 0
-3.6 6 49.6
-3.6 6.4 55.2
-3.6 6.8 60.8
-3.6 7.2 66.4
-3.6 7.6 0
-3.6 8 77.6
-3.6 8.4 84.8
-3.6 8.8 92
-3.6 9.2 99.2
-3.6 9.6 0
-3.6 10 113.6
-3.2 -10 111.2
-3.2 -9.6 104
-3.2 -9.2 96.8
-3.2 -8.8 89.6
-3.2 -8.4 82.4
-3.2 -8 75.2
-3.2 -7.6 69.6
-3.2 -7.2 64
-3.2 -6.8 58.4
-3.2 -6.4 52.8
-3.2 -6 47.2
-3.2 -5.6 43.2
-3.2 -5.2 39.2
-3.2 -4.8 35.2
-3.2 -4.4 31.2
-3.2 -4 27.2
-3.2 -3.6 24.8
-3.2 -3.2 22.4
-3.2 -2.8 20
-3.2 -2.4 17.6
-3.2 -2 15.2
-3.2 -1.6 14.4
-3.2 -1.2 13.6
-3.2 -0.8 0
-3.2 -0.4 12
-3.2 0 11.2
-3.2 0.4 12
-3.2 0.8 12.8
-3.2 1.2 0
-3.2 1.6 14.4
-3.2 2 15.2
-3.2 2.4 17.6
-3.2 2.8 20
-3.2 3.2 0
-3.2 3.6 24.8
-3.2 4 27.2
-3.2 4.4 31.2
-3.2 4.8 35.2
-3.2 5.2 0
-3.2 5.6 43.2
-3.2 6 47.2
-3.2 6.4 52.8
-3.2 6.8 58.4
-3.2 7.2 64
-3.2 7.6 69.6
-3.2 8 75.2
-3.2 8.4 82.4
-3.2 8.8 89.6
-3.2 9.2 96.8
-3.2 9.6 104
-3.2 10 111.2
-2.8 -10 108.8
-2.8 -9.6 101.6
-2.8 -9.2 0
-2.8 -8.8 87.2
-2.8 -8.4 80
-2.8 -8 72.8
-2.8 -7.6 67.2
-2.8 -7.2 0
-2.8 -6.8 56
-2.8 -6.4 50.4
-2.8 -6 44.8
-2.8 -5.6 40.8
-2.8 -5.2 0
-2.8 -4.8 32.8
-2.8 -4.4 28.8
-2.8 -4 24.8
-2.8 -3.6 22.4
-2.8 -3.2 0
-2.8 -2.8 17.6
-2.8 -2.4 15.2
-2.8 -2 12.8
-2.8 -1.6 12
-2.8 -1.2 0
-2.8 -0.8 10.4
-2.8 -0.4 9.6
-2.8 0 8.8
-2.8 0.4 9.6
-2.8 0.8 0
-2.8 1.2 11.2
-2.8 1.6 12
-2.8 2 12.8
-2.8 2.4 15.2
-2.8 2.8 0
-2.8 3.2 20
-2.8 3.6 22.4
-2.8 4 24.8
-2.8 4.4 28.8
-2.8 4.8 0
-2.8 5.2 36.8
-2.8 5.6 40.8
-2.8 6 44.8
-2.8 6.4 50.4
-2.8 6.8 0
-2.8 7.2 61.6
-2.8 7.6 67.2
-2.8 8 72.8
-2.8 8.4 80
-2.8 8.8 0
-2.8 9.2 94.4
-2.8 9.6 101.6
-2.8 10 108.8
-2.4 -10 106.4
-2.4 -9.6 99.2
-2.4 -9.2 92
-2.4 -8.8 84.8
-2.4 -8.4 77.6
-2.4 -8 70.4
-2.4 -7.6 64.8
-2.4 -7.2 59.2
-2.4 -6.8 53.6
-2.4 -6.4 48
-2.4 -6 42.4
-2.4 -5.6 38.4
-2.4 -5.2 34.4
-2.4 -4.8 30.4
-2.4 -4.4 26.4
-2.4 -4 22.4
-2.4 -3.6 20
-2.4 -3.2 17.6
-2.4 -2.8 15.2
-2.4 -2.4 12.8
-2.4 -2 10.4
-2.4 -1.6 9.6
-2.4 -1.2 8.8
-2.4 -0.8 8
-2.4 -0.4 7.2
-2.4 0 6.4
-2.4 0.4 7.2
-2.4 0.8 8
-2.4 1.2 8.8
-2.4 1.6 9.6
-2.4 2 10.4
-2.4 2.4 12.8
-2.4 2.8 15.2
-2.4 3.2 17.6
-2.4 3.6 20
-2.4 4 22.4
-2.4 4.4 26.4
-2.4 4.8 30.4
-2.4 5.2 34.4
-2.4 5.6 38.4
-2.4 6 42.4
-2.4 6.4 48
-2.4 6.8 53.6
-2.4 7.2 59.2
-2.4 7.6 64.8
-2.4 8 70.4
-2.4 8.4 77.6
-2.4 8.8 84.8
-2.4 9.2 92
-2.4 9.6 99.2
-2.4 10 106.4
-2 -10 104
-2 -9.6 96.8
-2 -9.2 89.6
-2 -8.8 82.4
-2 -8.4 75.2
-2 -8 68
-2 -7.6 62.4
-2 -7.2 56.8
-2 -6.8 51.2
-2 -6.4 45.6
-2 -6 40
-2 -5.6 36
-2 -5.2 32
-2 -4.8 28
-2 -4.4 24
-2 -4 20
-2 -3.6 17.6
-2 -3.2 15.2
-2 -2.8 12.8
-2 -2.4 10.4
-2 -2 8
-2 -1.6 7.2
-2 -1.2 6.4
-2 -0.8 5.6
-2 -0.4 4.8
-2 0 4
-2 0.4 4.8
-2 0.8 5.6
-2 1.2 6.4
-2 1.6 7.2
-2 2 8
-2 2.4 10.4
-2 2.8 12.8
-2 3.2 15.2
-2 3.6 17.6
-2 4 20
-2 4.4 24
-2 4.8 28
-2 5.2 32
-2 5.6 36
-2 6 40
-2 6.4 45.6
-2 6.8 51.2
-2 7.2 56.8
-2 7.6 62.4
-2 8 68
-2 8.4 75.2
-2 8.8 82.4
-2 9.2 89.6
-2 9.6 96.8
-2 10 104
-1.6 -10 103.2
-1.6 -9.6 96
-1.6 -9.2 88.8
-1.6 -8.8 81.6
-1.6 -8.4 74.4
-1.6 -8 67.2
-1.6 -7.6 61.6
-1.6 -7.2 56
-1.6 -6.8 50.4
-1.6 -6.4 44.8
-1.6 -6 39.2
-1.6 -5.6 35.2
-1.6 -5.2 31.2
-1.6 -4.8 27.2
-1.6 -4.4 23.2
-1.6 -4 19.2
-1.6 -3.6 16.8
-1.6 -3.2 14.4
-1.6 -2.8 12
-1.6 -2.4 9.6
-1.6 -2 7.2
-1.6 -1.6 6.4
-1.6 -1.2 5.6
-1.6 -0.8 4.8
-1.6 -0.4 0
-1.6 0 3.2
-1.6 0.4 4
-1.6 0.8 4.8
-1.6 1.2 5.6
-1.6 1.6 0
-1.6 2 7.2
-1.6 2.4 9.6
-1.6 2.8 12
-1.6 3.2 14.4
-1.6 3.6 0
-1.6 4 19.2
-1.6 4.4 23.2
-1.6 4.8 27.2
-1.6 5.2 31.2
-1.6 5.6 0
-1.6 6 39.2
-1.6 6.4 44.8
-1.6 6.8 50.4
-1.6 7.2 56
-1.6 7.6 0
-1.6 8 67.2
-1.6 8.4 74.4
-1.6 8.8 81.6
-1.6 9.2 88.8
-1.6 9.6 0
-1.6 10 103.2
-1.2 -10 102.4
-1.2 -9.6 95.2
-1.2 -9.2 88
-1.2 -8.8 80.8
-1.2 -8.4 73.6
-1.2 -8 66.4
-1.2 -7.6 60.8
-1.2 -7.2 55.2
-1.2 -6.8 49.6
-1.2 -6.4 44
-1.2 -6 38.4
-1.2 -5.6 34.4
-1.2 -5.2 30.4
-1.2 -4.8 26.4
-1.2 -4.4 22.4
-1.2 -4 18.4
-1.2 -3.6 16
-1.2 -3.2 13.6
-1.2 -2.8 11.2
-1.2 -2.4 8.8
-1.2 -2 6.4
-1.2 -1.6 5.6
-1.2 -1.2 4.8
-1.2 -0.8 0
-1.2 -0.4 3.2
-1.2 0 2.4
-1.2 0.4 3.2
-1.2 0.8 4
-1.2 1.2 0
-1.2 1.6 5.6
-1.2 2 6.4
-1.2 2.4 8.8
-1.2 2.8 11.2
-1.2 3.2 0
-1.2 3.6 16
-1.2 4 18.4
-1.2 4.4 22.4
-1.2 4.8 26.4
-1.2 5.2 0
-1.2 5.6 34.4
-1.2 6 38.4
-1.2 6.4 44
-1.2 6.8 49.6
-1.2 7.2 55.2
-1.2 7.6 60.8
-1.2 8 66.4
-1.2 8.4 73.6
-1.2 8.8 80.8
-1.2 9.2 88
-1.2 9.6 95.2
-1.2 10 102.4
-0.8 -10 101.6
-0.8 -9.6 94.4
-0.8 -9.2 87.2
-0.8 -8.8 80
-0.8 -8.4 72.8
-0.8 -8 65.6
-0.8 -7.6 60
-0.8 -7.2 54.4
-0.8 -6.8 48.8
-0.8 -6.4 43.2
-0.8 -6 37.6
-0.8 -5.6 33.6
-0.8 -5.2 29.6
-0.8 -4.8 25.6
-0.8 -4.4 21.6
-0.8 -4 17.6
-0.8 -3.6 15.2
-0.8 -3.2 12.8
-0.8 -2.8 10.4
-0.8 -2.4 8
-0.8 -2 5.6
-0.8 -1.6 4.8
-0.8 -1.2 4
-0.8 -0.8 3.2
-0.8 -0.4 2.4
-0.8 0 1.6
-0.8 0.4 2.4
-0.8 0.8 3.2
-0.8 1.2 4
-0.8 1.6 4.8
-0.8 2 5.6
-0.8 2.4 8
-0.8 2.8 10.4
-0.8 3.2 12.8
-0.8 3.6 15.2
-0.8 4 17.6
-0.8 4.4 21.6
-0.8 4.8 25.6
-0.8 5.2 29.6
-0.8 5.6 33.6
-0.8 6 37.6
-0.8 6.4 43.2
-0.8 6.8 48.8
-0.8 7.2 54.4
-0.8 7.6 60
-0.8 8 65.6
-0.8 8.4 72.8
-0.8 8.8 80
-0.8 9.2 87.2
-0.8 9.6 94.4
-0.8 10 101.6
-0.4 -10 100.8
-0.4 -9.6 0
-0.4 -9.2 86.4
-0.4 -8.8 79.2
-0.4 -8.4 72
-0.4 -8 64.8
-0.4 -7.6 0
-0.4 -7.2 53.6
-0.4 -6.8 48
-0.4 -6.4 42.4
-0.4 -6 36.8
-0.4 -5.6 0
-0.4 -5.2 28.8
-0.4 -4.8 24.8
-0.4 -4.4 20.8
-0.4 -4 16.8
-0.4 -3.6 0
-0.4 -3.2 12
-0.4 -2.8 9.6
-0.4 -2.4 7.2
-0.4 -2 4.8
-0.4 -1.6 0
-0.4 -1.2 3.2
-0.4 -0.8 2.4
-0.4 -0.4 1.6
-0.4 0 0.8
-0.4 0.4 0
-0.4 0.8 2.4
-0.4 1.2 3.2
-0.4 1.6 4
-0.4 2 4.8
-0.4 2.4 0
-0.4 2.8 9.6
-0.4 3.2 12
-0.4 3.6 14.4
-0.4 4 16.8
-0.4 4.4 0
-0.4 4.8 24.8
-0.4 5.2 28.8
-0.4 5.6 32.8
-0.4 6 36.8
-0.4 6.4 42.4
-0.4 6.8 48
-0.4 7.2 53.6
-0.4 7.6 59.2
-0.4 8 64.8
-0.4 8.4 72
-0.4 8.8 79.2
-0.4 9.2 86.4
-0.4 9.6 93.6
-0.4 10 100.8
0 -10 100
0 -9.6 92.8
0 -9.2 85.6
0 -8.8 78.4
0 -8.4 71.2
0 -8 64
0 -7.6 58.4
0 -7.2 52.8
0 -6.8 47.2
0 -6.4 41.6
0 -6 36
0 -5.6 32
0 -5.2 28
0 -4.8 24
0 -4.4 20
0 -4 16
0 -3.6 13.6
0 -3.2 11.2
0 -2.8 8.8
0 -2.4 6.4
0 -2 4
0 -1.6 3.2
0 -1.2 2.4
0 -0.8 1.6
0 -0.4 0.8
0 0 0
0 0.4 0.8
0 0.8 1.6
0 1.2 2.4
0 1.6 3.2
0 2 4
0 2.4 6.4
0 2.8 8.8
0 3.2 11.2
0 3.6 13.6
0 4 16
0 4.4 20
0 4.8 24
0 5.2 28
0 5.6 32
0 6 36
0 6.4 41.6
0 6.8 47.2
0 7.2 52.8
0 7.6 58.4
0 8 64
0 8.4 71.2
0 8.8 78.4
0 9.2 85.6
0 9.6 92.8
0 10 100
0.4 -10 100.8
0.4 -9.6 93.6
0.4 -9.2 86.4
0.4 -8.8 79.2
0.4 -8.4 72
0.4 -8 64.8
0.4 -7.6 59.2
0.4 -7.2 53.6
0.4 -6.8 48
0.4 -6.4 42.4
0.4 -6 36.8
0.4 -5.6 32.8
0.4 -5.2 28.8
0.4 -4.8 24.8
0.4 -4.4 20.8
0.4 -4 16.8
0.4 -3.6 14.4
0.4 -3.2 12
0.4 -2.8 9.6
0.4 -2.4 7.2
0.4 -2 4.8
0.4 -1.6 4
0.4 -1.2 3.2
0.4 -0.8 2.4
0.4 -0.4 0
0.4 0 0.8
0.4 0.4 1.6
0.4 0.8 2.4
0.4 1.2 3.2
0.4 1.6 0
0.4 2 4.8
0.4 2.4 7.2
0.4 2.8 9.6
0.4 3.2 12
0.4 3.6 0
0.4 4 16.8
0.4 4.4 20.8
0.4 4.8 24.8
0.4 5.2 28.8
0.4 5.6 0
0.4 6 36.8
0.4 6.4 42.4
0.4 6.8 48
0.4 7.2 53.6
0.4 7.6 0
0.4 8 64.8
0.4 8.4 72
0.4 8.8 79.2
0.4 9.2 86.4
0.4 9.6 0
0.4 10 100.8
0.8 -10 101.6
0.8 -9.6 94.4
0.8 -9.2 87.2
0.8 -8.8 80
0.8 -8.4 72.8
0.8 -8 65.6
0.8 -7.6 60
0.8 -7.2 54.4
0.8 -6.8 48.8
0.8 -6.4 43.2
0.8 -6 37.6
0.8 -5.6 33.6
0.8 -5.2 29.6
0.8 -4.8 25.6
0.8 -4.4 21.6
0.8 -4 17.6
0.8 -3.6 15.2
0.8 -3.2 12.8
0.8 -2.8 10.4
0.8 -2.4 8
0.8 -2 5.6
0.8 -1.6 4.8
0.8 -1.2 4
0.8 -0.8 0
0.8 -0.4 2.4
0.8 0 1.6
0.8 0.4 2.4
0.8 0.8 3.2
0.8 1.2 0
0.8 1.6 4.8
0.8 2 5.6
0.8 2.4 8
0.8 2.8 10.4
0.8 3.2 0
0.8 3.6 15.2
0.8 4 17.6
0.8 4.4 21.6
0.8 4.8 25.6
0.8 5.2 0
0.8 5.6 33.6
0.8 6 37.6
0.8 6.4 43.2
0.8 6.8 48.8
0.8 7.2 54.4
0.8 7.6 60
0.8 8 65.6
0.8 8.4 72.8
0.8 8.8 80
0.8 9.2 87.2
0.8 9.6 94.4
0.8 10 101.6
1.2 -10 102.4
1.2 -9.6 95.2
1.2 -9.2 88
1.2 -8.8 80.8
1.2 -8.4 73.6
1.2 -8 66.4
1.2 -7.6 60.8
1.2 -7.2 55.2
1.2 -6.8 49.6
1.2 -6.4 44
1.2 -6 38.4
1.2 -5.6 34.4
1.2 -5.2 30.4
1.2 -4.8 26.4
1.2 -4.4 22.4
1.2 -4 18.4
1.2 -3.6 16
1.2 -3.2 13.6
1.2 -2.8 11.2
1.2 -2.4 8.8
1.2 -2 6.4
1.2 -1.6 5.6
1.2 -1.2 4.8
1.2 -0.8 4
1.2 -0.4 3.2
1.2 0 2.4
1.2 0.4 3.2
1.2 0.8 4
1.2 1.2 4.8
1.2 1.6 5.6
1.2 2 6.4
1.2 2.4 8.8
1.2 2.8 11.2
1.2 3.2 13.6
1.2 3.6 16
1.2 4 18.4
1.2 4.4 22.4
1.2 4.8 26.4
1.2 5.2 30.4
1.2 5.6 34.4
1.2 6 38.4
1.2 6.4 44
1.2 6.8 49.6
1.2 7.2 55.2
1.2 7.6 60.8
1.2 8 66.4
1.2 8.4 73.6
1.2 8.8 80.8
1.2 9.2 88
1.2 9.6 95.2
1.2 10 102.4
1.6 -10 103.2
1.6 -9.6 0
1.6 -9.2 88.8
1.6 -8.8 81.6
1.6 -8.4 74.4
1.6 -8 67.2
1.6 -7.6 0
1.6 -7.2 56
1.6 -6.8 50.4
1.6 -6.4 44.8
1.6 -6 39.2
1.6 -5.6 0
1.6 -5.2 31.2
1.6 -4.8 27.2
1.6 -4.4 23.2
1.6 -4 19.2
1.6 -3.6 0
1.6 -3.2 14.4
1.6 -2.8 12
1.6 -2.4 9.6
1.6 -2 7.2
1.6 -1.6 0
1.6 -1.2 5.6
1.6 -0.8 4.8
1.6 -0.4 4
1.6 0 3.2
1.6 0.4 0
1.6 0.8 4.8
1.6 1.2 5.6
1.6 1.6 6.4
1.6 2 7.2
1.6 2.4 0
1.6 2.8 12
1.6 3.2 14.4
1.6 3.6 16.8
1.6 4 19.2
1.6 4.4 0
1.6 4.8 27.2
1.6 5.2 31.2
1.6 5.6 35.2
1.6 6 39.2
1.6 6.4 44.8
1.6 6.8 50.4
1.6 7.2 56
1.6 7.6 61.6
1.6 8 67.2
1.6 8.4 74.4
1.6 8.8 81.6
1.6 9.2 88.8
1.6 9.6 96
1.6 10 103.2
2 -10 104
2 -9.6 96.8
2 -9.2 89.6
2 -8.8 82.4
2 -8.4 75.2
2 -8 68
2 -7.6 62.4
2 -7.2 56.8
2 -6.8 51.2
2 -6.4 45.6
2 -6 40
2 -5.6 36
2 -5.2 32
2 -4.8 28
2 -4.4 24
2 -4 20
2 -3.6 17.6
2 -3.2 15.2
2 -2.8 12.8
2 -2.4 10.4
2 -2 8
2 -1.6 7.2
2 -1.2 6.4
2 -0.8 5.6
2 -0.4 4.8
2 0 4
2 0.4 4.8
2 0.8 5.6
2 1.2 6.4
2 1.6 7.2
2 2 8
2 2.4 10.4
2 2.8 12.8
2 3.2 15.2
2 3.6 17.6
2 4 20
2 4.4 24
2 4.8 28
2 5.2 32
2 5.6 36
2 6 40
2 6.4 45.6
2 6.8 51.2
2 7.2 56.8
2 7.6 62.4
2 8 68
2 8.4 75.2
2 8.8 82.4
2 9.2 89.6
2 9.6 96.8
2 10 104
2.4 -10 106.4
2.4 -9.6 99.2
2.4 -9.2 92
2.4 -8.8 84.8
2.4 -8.4 77.6
2.4 -8 70.4
2.4 -7.6 64.8
2.4 -7.2 59.2
2.4 -6.8 53.6
2.4 -6.4 48
2.4 -6 42.4
2.4 -5.6 38.4
2.4 -5.2 34.4
2.4 -4.8 30.4
2.4 -4.4 26.4
2.4 -4 22.4
2.4 -3.6 20
2.4 -3.2 17.6
2.4 -2.8 15.2
2.4 -2.4 12.8
2.4 -2 10.4
2.4 -1.6 9.6
2.4 -1.2 8.8
2.4 -0.8 8
2.4 -0.4 0
2.4 0 6.4
2.4 0.4 7.2
2.4 0.8 8
2.4 1.2 8.8
2.4 1.6 0
2.4 2 10.4
2.4 2.4 12.8
2.4 2.8 15.2
2.4 3.2 17.6
2.4 3.6 0
2.4 4 22.4
2.4 4.4 26.4
2.4 4.8 30.4
2.4 5.2 34.4
2.4 5.6 0
2.4 6 42.4
2.4 6.4 48
2.4 6.8 53.6
2.4 7.2 59.2
2.4 7.6 0
2.4 8 70.4
2.4 8.4 77.6
2.4 8.8 84.8
2.4 9.2 92
2.4 9.6 0
2.4 10 106.4
2.8 -10 108.8
2.8 -9.6 101.6
2.8 -9.2 94.4
2.8 -8.8 87.2
2.8 -8.4 80
2.8 -8 72.8
2.8 -7.6 67.2
2.8 -7.2 61.6
2.8 -6.8 56
2.8 -6.4 50.4
2.8 -6 44.8
2.8 -5.6 40.8
2.8 -5.2 36.8
2.8 -4.8 32.8
2.8 -4.4 28.8
2.8 -4 24.8
2.8 -3.6 22.4
2.8 -3.2 20
2.8 -2.8 17.6
2.8 -2.4 15.2
2.8 -2 12.8
2.8 -1.6 12
2.8 -1.2 11.2
2.8 -0.8 0
2.8 -0.4 9.6
2.8 0 8.8
2.8 0.4 9.6
2.8 0.8 10.4
2.8 1.2 0
2.8 1.6 12
2.8 2 12.8
2.8 2.4 15.2
2.8 2.8 17.6
2.8 3.2 0
2.8 3.6 22.4
2.8 4 24.8
2.8 4.4 28.8
2.8 4.8 32.8
2.8 5.2 0
2.8 5.6 40.8
2.8 6 44.8
2.8 6.4 50.4
2.8 6.8 56
2.8 7.2 61.6
2.8 7.6 67.2
2.8 8 72.8
2.8 8.4 80
2.8 8.8 87.2
2.8 9.2 94.4
2.8 9.6 101.6
2.8 10 108.8
3.2 -10 111.2
3.2 -9.6 104
3.2 -9.2 96.8
3.2 -8.8 89.6
3.2 -8.4 82.4
3.2 -8 75.2
3.2 -7.6 69.6
3.2 -7.2 64
3.2 -6.8 58.4
3.2 -6.4 52.8
3.2 -6 47.2
3.2 -5.6 43.2
3.2 -5.2 39.2
3.2 -4.8 35.2
3.2 -4.4 31.2
3.2 -4 27.2
3.2 -3.6 24.8
3.2 -3.2 22.4
3.2 -2.8 20
3.2 -2.4 17.6
3.2 -2 15.2
3.2 -1.6 14.4
3.2 -1.2 13.6
3.2 -0.8 12.8
3.2 -0.4 12
3.2 0 11.2
3.2 0.4 12
3.2 0.8 12.8
3.2 1.2 13.6
3.2 1.6 14.4
3.2 2 15.2
3.2 2.4 17.6
3.2 2.8 20
3.2 3.2 22.4
3.2 3.6 24.8
3.2 4 27.2
3.2 4.4 31.2
3.2 4.8 35.2
3.2 5.2 39.2
3.2 5.6 43.2
3.2 6 47.2
3.2 6.4 52.8
3.2 6.8 58.4
3.2 7.2 64
3.2 7.6 69.6
3.2 8 75.2
3.2 8.4 82.4
3.2 8.8 89.6
3.2 9.2 96.8
3.2 9.6 104
3.2 10 111.2
3.6 -10 113.6
3.6 -9.6 0
3.6 -9.2 99.2
3.6 -8.8 92
3.6 -8.4 84.8
3.6 -8 77.6
3.6 -7.6 0
3.6 -7.2 66.4
3.6 -6.8 60.8
3.6 -6.4 55.2
3.6 -6 49.6
3.6 -5.6 0
3.6 -5.2 41.6
3.6 -4.8 37.6
3.6 -4.4 33.6
3.6 -4 29.6
3.6 -3.6 0
3.6 -3.2 24.8
3.6 -2.8 22.4
3.6 -2.4 20
3.6 -2 17.6
3.6 -1.6 0
3.6 -1.2 16
3.6 -0.8 15.2
3.6 -0.4 14.4
3.6 0 13.6
3.6 0.4 0
3.6 0.8 15.2
3.6 1.2 16
3.6 1.6 16.8
3.6 2 17.6
3.6 2.4 0
3.6 2.8 22.4
3.6 3.2 24.8
3.6 3.6 27.2
3.6 4 29.6
3.6 4.4 0
3.6 4.8 37.6
3.6 5.2 41.6
3.6 5.6 45.6
3.6 6 49.6
3.6 6.4 55.2
3.6 6.8 60.8
3.6 7.2 66.4
3.6 7.6 72
3.6 8 77.6
3.6 8.4 84.8
3.6 8.8 92
3.6 9.2 99.2
3.6 9.6 106.4
3.6 10 113.6
4 -10 116
4 -9.6 108.8
4 -9.2 101.6
4 -8.8 94.4
4 -8.4 87.2
4 -8 80
4 -7.6 74.4
4 -7.2 68.8
4 -6.8 63.2
4 -6.4 57.6
4 -6 52
4 -5.6 48
4 -5.2 44
4 -4.8 40
4 -4.4 36
4 -4 32
4 -3.6 29.6
4 -3.2 27.2
4 -2.8 24.8
4 -2.4 22.4
4 -2 20
4 -1.6 19.2
4 -1.2 18.4
4 -0.8 17.6
4 -0.4 16.8
4 0 16
4 0.4 16.8
4 0.8 17.6
4 1.2 18.4
4 1.6 19.2
4 2 20
4 2.4 22.4
4 2.8 24.8
4 3.2 27.2
4 3.6 29.6
4 4 32
4 4.4 36
4 4.8 40
4 5.2 44
4 5.6 48
4 6 52
4 6.4 57.6
4 6.8 63.2
4 7.2 68.8
4 7.6 74.4
4 8 80
4 8.4 87.2
4 8.8 94.4
4 9.2 101.6
4 9.6 108.8
4 10 116
4.4 -10 120
4.4 -9.6 112.8
4.4 -9.2 105.6
4.4 -8.8 98.4
4.4 -8.4 91.2
4.4 -8 84
4.4 -7.6 78.4
4.4 -7.2 72.8
4.4 -6.8 67.2
4.4 -6.4 61.6
4.4 -6 56
4.4 -5.6 52
4.4 -5.2 48
4.4 -4.8 44
4.4 -4.4 40
4.4 -4 36
4.4 -3.6 33.6
4.4 -3.2 31.2
4.4 -2.8 28.8
4.4 -2.4 26.4
4.4 -2 24
4.4 -1.6 23.2
4.4 -1.2 22.4
4.4 -0.8 21.6
4.4 -0.4 0
4.4 0 20
4.4 0.4 20.8
4.4 0.8 21.6
4.4 1.2 22.4
4.4 1.6 0
4.4 2 24
4.4 2.4 26.4
4.4 2.8 28.8
4.4 3.2 31.2
4.4 3.6 0
4.4 4 36
4.4 4.4 40
4.4 4.8 44
4.4 5.2 48
4.4 5.6 0
4.4 6 56
4.4 6.4 61.6
4.4 6.8 67.2
4.4 7.2 72.8
4.4 7.6 0
4.4 8 84
4.4 8.4 91.2
4.4 8.8 98.4
4.4 9.2 105.6
4.4 9.6 0
4.4 10 120
4.8 -10 124
4.8 -9.6 116.8
4.8 -9.2 109.6
4.8 -8.8 102.4
4.8 -8.4 95.2
4.8 -8 88
4.8 -7.6 82.4
4.8 -7.2 76.8
4.8 -6.8 71.2
4.8 -6.4 65.6
4.8 -6 60
4.8 -5.6 56
4.8 -5.2 52
4.8 -4.8 48
4.8 -4.4 44
4.8 -4 40
4.8 -3.6 37.6
4.8 -3.2 35.2
4.8 -2.8 32.8
4.8 -2.4 30.4
4.8 -2 28
4.8 -1.6 27.2
4.8 -1.2 26.4
4.8 -0.8 0
4.8 -0.4 24.8
4.8 0 24
4.8 0.4 24.8
4.8 0.8 25.6
4.8 1.2 0
4.8 1.6 27.2
4.8 2 28
4.8 2.4 30.4
4.8 2.8 32.8
4.8 3.2 0
4.8 3.6 37.6
4.8 4 40
4.8 4.4 44
4.8 4.8 48
4.8 5.2 0
4.8 5.6 56
4.8 6 60
4.8 6.4 65.6
4.8 6.8 71.2
4.8 7.2 76.8
4.8 7.6 82.4
4.8 8 88
4.8 8.4 95.2
4.8 8.8 102.4
4.8 9.2 109.6
4.8 9.6 116.8
4.8 10 124
5.2 -10 128
5.2 -9.6 120.8
5.2 -9.2 113.6
5.2 -8.8 106.4
5.2 -8.4 99.2
5.2 -8 92
5.2 -7.6 86.4
5.2 -7.2 80.8
5.2 -6.8 75.2
5.2 -6.4 69.6
5.2 -6 64
5.2 -5.6 60
5.2 -5.2 56
5.2 -4.8 52
5.2 -4.4 48
5.2 -4 44
5.2 -3.6 41.6
5.2 -3.2 39.2
5.2 -2.8 36.8
5.2 -2.4 34.4
5.2 -2 32
5.2 -1.6 31.2
5.2 -1.2 30.4
5.2 -0.8 29.6
5.2 -0.4 28.8
5.2 0 28
5.2 0.4 28.8
5.2 0.8 29.6
5.2 1.2 30.4
5.2 1.6 31.2
5.2 2 32
5.2 2.4 34.4
5.2 2.8 36.8
5.2 3.2 39.2
5.2 3.6 41.6
5.2 4 44
5.2 4.4 48
5.2 4.8 52
5.2 5.2 56
5.2 5.6 60
5.2 6 64
5.2 6.4 69.6
5.2 6.8 75.2
5.2 7.2 80.8
5.2 7.6 86.4
5.2 8 92
5.2 8.4 99.2
5.2 8.8 106.4
5.2 9.2 113.6
5.2 9.6 120.8
5.2 10 128
5.6 -10 132
5.6 -9.6 0
5.6 -9.2 117.6
5.6 -8.8 110.4
5.6 -8.4 103.2
5.6 -8 96
5.6 -7.6 0
5.6 -7.2 84.8
5.6 -6.8 79.2
5.6 -6.4 73.6
5.6 -6 68
5.6 -5.6 0
5.6 -5.2 60
5.6 -4.8 56
5.6 -4.4 52
5.6 -4 48
5.6 -3.6 0
5.6 -3.2 43.2
5.6 -2.8 40.8
5.6 -2.4 38.4
5.6 -2 36
5.6 -1.6 0
5.6 -1.2 34.4
5.6 -0.8 33.6
5.6 -0.4 32.8
5.6 0 32
5.6 0.4 0
5.6 0.8 33.6
5.6 1.2 34.4
5.6 1.6 35.2
5.6 2 36
5.6 2.4 0
5.6 2.8 40.8
5.6 3.2 43.2
5.6 3.6 45.6
5.6 4 48
5.6 4.4 0
5.6 4.8 56
5.6 5.2 60
5.6 5.6 64
5.6 6 68
5.6 6.4 73.6
5.6 6.8 79.2
5.6 7.2 84.8
5.6 7.6 90.4
5.6 8 96
5.6 8.4 103.2
5.6 8.8 110.4
5.6 9.2 117.6
5.6 9.6 124.8
5.6 10 132
6 -10 136
6 -9.6 128.8
6 -9.2 121.6
6 -8.8 114.4
6 -8.4 107.2
6 -8 100
6 -7.6 94.4
6 -7.2 88.8
6 -6.8 83.2
6 -6.4 77.6
6 -6 72
6 -5.6 68
6 -5.2 64
6 -4.8 60
6 -4.4 56
6 -4 52
6 -3.6 49.6
6 -3.2 47.2
6 -2.8 44.8
6 -2.4 42.4
6 -2 40
6 -1.6 39.2
6 -1.2 38.4
6 -0.8 37.6
6 -0.4 36.8
6 0 36
6 0.4 36.8
6 0.8 37.6
6 1.2 38.4
6 1.6 39.2
6 2 40
6 2.4 42.4
6 2.8 44.8
6 3.2 47.2
6 3.6 49.6
6 4 52
6 4.4 56
6 4.8 60
6 5.2 64
6 5.6 68
6 6 72
6 6.4 77.6
6 6.8 83.2
6 7.2 88.8
6 7.6 94.4
6 8 100
6 8.4 107.2
6 8.8 114.4
6 9.2 121.6
6 9.6 128.8
6 10 136
6.4 -10 141.6
6.4 -9.6 134.4
6.4 -9.2 127.2
6.4 -8.8 120
6.4 -8.4 112.8
6.4 -8 105.6
6.4 -7.6 100
6.4 -7.2 94.4
6.4 -6.8 88.8
6.4 -6.4 83.2
6.4 -6 77.6
6.4 -5.6 73.6
6.4 -5.2 69.6
6.4 -4.8 65.6
6.4 -4.4 61.6
6.4 -4 57.6
6.4 -3.6 55.2
6.4 -3.2 52.8
6.4 -2.8 50.4
6.4 -2.4 48
6.4 -2 45.6
6.4 -1.6 44.8
6.4 -1.2 44
6.4 -0.8 43.2
6.4 -0.4 42.4
6.4 0 41.6
6.4 0.4 42.4
6.4 0.8 43.2
6.4 1.2 44
6.4 1.6 44.8
6.4 2 45.6
6.4 2.4 48
6.4 2.8 50.4
6.4 3.2 52.8
6.4 3.6 55.2
6.4 4 57.6
6.4 4.4 61.6
6.4 4.8 65.6
6.4 5.2 69.6
6.4 5.6 73.6
6.4 6 77.6
6.4 6.4 83.2
6.4 6.8 88.8
6.4 7.2 94.4
6.4 7.6 100
6.4 8 105.6
6.4 8.4 112.8
6.4 8.8 120
6.4 9.2 127.2
6.4 9.6 134.4
6.4 10 141.6
6.8 -10 147.2
6.8 -9.6 140
6.8 -9.2 132.8
6.8 -8.8 125.6
6.8 -8.4 118.4
6.8 -8 111.2
6.8 -7.6 105.6
6.8 -7.2 100
6.8 -6.8 94.4
6.8 -6.4 88.8
6.8 -6 83.2
6.8 -5.6 79.2
6.8 -5.2 75.2
6.8 -4.8 71.2
6.8 -4.4 67.2
6.8 -4 63.2
6.8 -3.6 60.8
6.8 -3.2 58.4
6.8 -2.8 56
6.8 -2.4 53.6
6.8 -2 51.2
6.8 -1.6 50.4
6.8 -1.2 49.6
6.8 -0.8 0
6.8 -0.4 48
6.8 0 47.2
6.8 0.4 48
6.8 0.8 48.8
6.8 1.2 0
6.8 1.6 50.4
6.8 2 51.2
6.8 2.4 53.6
6.8 2.8 56
6.8 3.2 0
6.8 3.6 60.8
6.8 4 63.2
6.8 4.4 67.2
6.8 4.8 71.2
6.8 5.2 0
6.8 5.6 79.2
6.8 6 83.2
6.8 6.4 88.8
6.8 6.8 94.4
6.8 7.2 100
6.8 7.6 105.6
6.8 8 111.2
6.8 8.4 118.4
6.8 8.8 125.6
6.8 9.2 132.8
6.8 9.6 140
6.8 10 147.2
7.2 -10 152.8
7.2 -9.6 145.6
7.2 -9.2 138.4
7.2 -8.8 131.2
7.2 -8.4 124
7.2 -8 116.8
7.2 -7.6 111.2
7.2 -7.2 105.6
7.2 -6.8 100
7.2 -6.4 94.4
7.2 -6 88.8
7.2 -5.6 84.8
7.2 -5.2 80.8
7.2 -4.8 76.8
7.2 -4.4 72.8
7.2 -4 68.8
7.2 -3.6 66.4
7.2 -3.2 64
7.2 -2.8 61.6
7.2 -2.4 59.2
7.2 -2 56.8
7.2 -1.6 56
7.2 -1.2 55.2
7.2 -0.8 54.4
7.2 -0.4 53.6
7.2 0 52.8
7.2 0.4 53.6
7.2 0.8 54.4
7.2 1.2 55.2
7.2 1.6 56
7.2 2 56.8
7.2 2.4 59.2
7.2 2.8 61.6
7.2 3.2 64
7.2 3.6 66.4
7.2 4 68.8
7.2 4.4 72.8
7.2 4.8 76.8
7.2 5.2 80.8
7.2 5.6 84.8
7.2 6 88.8
7.2 6.4 94.4
7.2 6.8 100
7.2 7.2 105.6
7.2 7.6 111.2
7.2 8 116.8
7.2 8.4 124
7.2 8.8 131.2
7.2 9.2 138.4
7.2 9.6 145.6
7.2 10 152.8
7.6 -10 158.4
7.6 -9.6 0
7.6 -9.2 144
7.6 -8.8 136.8
7.6 -8.4 129.6
7.6 -8 122.4
7.6 -7.6 0
7.6 -7.2 111.2
7.6 -6.8 105.6
7.6 -6.4 100
7.6 -6 94.4
7.6 -5.6 0
7.6 -5.2 86.4
7.6 -4.8 82.4
7.6 -4.4 78.4
7.6 -4 74.4
7.6 -3.6 0
7.6 -3.2 69.6
7.6 -2.8 67.2
7.6 -2.4 64.8
7.6 -2 62.4
7.6 -1.6 0
7.6 -1.2 60.8
7.6 -0.8 60
7.6 -0.4 59.2
7.6 0 58.4
7.6 0.4 0
7.6 0.8 60
7.6 1.2 60.8
7.6 1.6 61.6
7.6 2 62.4
7.6 2.4 0
7.6 2.8 67.2
7.6 3.2 69.6
7.6 3.6 72
7.6 4 74.4
7.6 4.4 0
7.6 4.8 82.4
7.6 5.2 86.4
7.6 5.6 90.4
7.6 6 94.4
7.6 6.4 100
7.6 6.8 105.6
7.6 7.2 111.2
7.6 7.6 116.8
7.6 8 122.4
7.6 8.4 129.6
7.6 8.8 136.8
7.6 9.2 144
7.6 9.6 151.2
7.6 10 158.4
8 -10 164
8 -9.6 156.8
8 -9.2 149.6
8 -8.8 142.4
8 -8.4 135.2
8 -8 128
8 -7.6 122.4
8 -7.2 116.8
8 -6.8 111.2
8 -6.4 105.6
8 -6 100
8 -5.6 96
8 -5.2 92
8 -4.8 88
8 -4.4 84
8 -4 80
8 -3.6 77.6
8 -3.2 75.2
8 -2.8 72.8
8 -2.4 70.4
8 -2 68
8 -1.6 67.2
8 -1.2 66.4
8 -0.8 65.6
8 -0.4 64.8
8 0 64
8 0.4 64.8
8 0.8 65.6
8 1.2 66.4
8 1.6 67.2
8 2 68
8 2.4 70.4
8 2.8 72.8
8 3.2 75.2
8 3.6 77.6
8 4 80
8 4.4 84
8 4.8 88
8 5.2 92
8 5.6 96
8 6 100
8 6.4 105.6
8 6.8 111.2
8 7.2 116.8
8 7.6 122.4
8 8 128
8 8.4 135.2
8 8.8 142.4
8 9.2 149.6
8 9.6 156.8
8 10 164
8.4 -10 171.2
8.4 -9.6 164
8.4 -9.2 156.8
8.4 -8.8 149.6
8.4 -8.4 142.4
8.4 -8 135.2
8.4 -7.6 129.6
8.4 -7.2 124
8.4 -6.8 118.4
8.4 -6.4 112.8
8.4 -6 107.2
8.4 -5.6 103.2
8.4 -5.2 99.2
8.4 -4.8 95.2
8.4 -4.4 91.2
8.4 -4 87.2
8.4 -3.6 84.8
8.4 -3.2 82.4
8.4 -2.8 80
8.4 -2.4 77.6
8.4 -2 75.2
8.4 -1.6 74.4
8.4 -1.2 73.6
8.4 -0.8 72.8
8.4 -0.4 72
8.4 0 71.2
8.4 0.4 72
8.4 0.8 72.8
8.4 1.2 73.6
8.4 1.6 74.4
8.4 2 75.2
8.4 2.4 77.6
8.4 2.8 80
8.4 3.2 82.4
8.4 3.6 84.8
8.4 4 87.2
8.4 4.4 91.2
8.4 4.8 95.2
8.4 5.2 99.2
8.4 5.6 103.2
8.4 6 107.2
8.4 6.4 112.8
8.4 6.8 118.4
8.4 7.2 124
8.4 7.6 129.6
8.4 8 135.2
8.4 8.4 142.4
8.4 8.8 149.6
8.4 9.2 156.8
8.4 9.6 164
8.4 10 171.2
8.8 -10 178.4
8.8 -9.6 171.2
8.8 -9.2 164
8.8 -8.8 156.8
8.8 -8.4 149.6
8.8 -8 142.4
8.8 -7.6 136.8
8.8 -7.2 131.2
8.8 -6.8 125.6
8.8 -6.4 120
8.8 -6 114.4
8.8 -5.6 110.4
8.8 -5.2 106.4
8.8 -4.8 102.4
8.8 -4.4 98.4
8.8 -4 94.4
8.8 -3.6 92
8.8 -3.2 89.6
8.8 -2.8 87.2
8.8 -2.4 84.8
8.8 -2 82.4
8.8 -1.6 81.6
8.8 -1.2 80.8
8.8 -0.8 0
8.8 -0.4 79.2
8.8 0 78.4
8.8 0.4 79.2
8.8 0.8 80
8.8 1.2 0
8.8 1.6 81.6
8.8 2 82.4
8.8 2.4 84.8
8.8 2.8 87.2
8.8 3.2 0
8.8 3.6 92
8.8 4 94.4
8.8 4.4 98.4
8.8 4.8 102.4
8.8 5.2 0
8.8 5.6 110.4
8.8 6 114.4
8.8 6.4 120
8.8 6.8 125.6
8.8 7.2 131.2
8.8 7.6 136.8
8.8 8 142.4
8.8 8.4 149.6
8.8 8.8 156.8
8.8 9.2 164
8.8 9.6 171.2
8.8 10 178.4
9.2 -10 185.6
9.2 -9.6 178.4
9.2 -9.2 0
9.2 -8.8 164
9.2 -8.4 156.8
9.2 -8 149.6
9.2 -7.6 144
9.2 -7.2 0
9.2 -6.8 132.8
9.2 -6.4 127.2
9.2 -6 121.6
9.2 -5.6 117.6
9.2 -5.2 0
9.2 -4.8 109.6
9.2 -4.4 105.6
9.2 -4 101.6
9.2 -3.6 99.2
9.2 -3.2 0
9.2 -2.8 94.4
9.2 -2.4 92
9.2 -2 89.6
9.2 -1.6 88.8
9.2 -1.2 0
9.2 -0.8 87.2
9.2 -0.4 86.4
9.2 0 85.6
9.2 0.4 86.4
9.2 0.8 0
9.2 1.2 88
9.2 1.6 88.8
9.2 2 89.6
9.2 2.4 92
9.2 2.8 0
9.2 3.2 96.8
9.2 3.6 99.2
9.2 4 101.6
9.2 4.4 105.6
9.2 4.8 0
9.2 5.2 113.6
9.2 5.6 117.6
9.2 6 121.6
9.2 6.4 127.2
9.2 6.8 0
9.2 7.2 138.4
9.2 7.6 144
9.2 8 149.6
9.2 8.4 156.8
9.2 8.8 0
9.2 9.2 171.2
9.2 9.6 178.4
9.2 10 185.6
9.6 -10 192.8
9.6 -9.6 0
9.6 -9.2 178.4
9.6 -8.8 171.2
9.6 -8.4 164
9.6 -8 156.8
9.6 -7.6 0
9.6 -7.2 145.6
9.6 -6.8 140
9.6 -6.4 134.4
9.6 -6 128.8
9.6 -5.6 0
9.6 -5.2 120.8
9.6 -4.8 116.8
9.6 -4.4 112.8
9.6 -4 108.8
9.6 -3.6 0
9.6 -3.2 104
9.6 -2.8 101.6
9.6 -2.4 99.2
9.6 -2 96.8
9.6 -1.6 0
9.6 -1.2 95.2
9.6 -0.8 94.4
9.6 -0.4 93.6
9.6 0 92.8
9.6 0.4 0
9.6 0.8 94.4
9.6 1.2 95.2
9.6 1.6 96
9.6 2 96.8
9.6 2.4 0
9.6 2.8 101.6
9.6 3.2 104
9.6 3.6 106.4
9.6 4 108.8
9.6 4.4 0
9.6 4.8 116.8
9.6 5.2 120.8
9.6 5.6 124.8
9.6 6 128.8
9.6 6.4 134.4
9.6 6.8 140
9.6 7.2 145.6
9.6 7.6 151.2
9.6 8 156.8
9.6 8.4 164
9.6 8.8 171.2
9.6 9.2 178.4
9.6 9.6 185.6
9.6 10 192.8
10 -10 200
10 -9.6 192.8
10 -9.2 185.6
10 -8.8 178.4
10 -8.4 171.2
10 -8 164
10 -7.6 158.4
10 -7.2 152.8
10 -6.8 147.2
10 -6.4 141.6
10 -6 136
10 -5.6 132
10 -5.2 128
10 -4.8 124
10 -4.4 120
10 -4 116
10 -3.6 113.6
10 -3.2 111.2
10 -2.8 108.8
10 -2.4 106.4
10 -2 104
10 -1.6 103.2
10 -1.2 102.4
10 -0.8 101.6
10 -0.4 100.8
10 0 100
10 0.4 100.8
10 0.8 101.6
10 1.2 102.4
10 1.6 103.2
10 2 104
10 2.4 106.4
10 2.8 108.8
10 3.2 111.2
10 3.6 113.6
10 4 116
10 4.4 120
10 4.8 124
10 5.2 128
10 5.6 132
10 6 136
10 6.4 141.6
10 6.8 147.2
10 7.2 152.8
10 7.6 158.4
10 8 164
10 8.4 171.2
10 8.8 178.4
10 9.2 185.6
10 9.6 192.8
10 10 200
