-10 -10 200
-10 -9.6 192.16
-10 -9.2 184.64
-10 -8.8 177.44
-10 -8.4 170.56
-10 -8 164
-10 -7.6 157.76
-10 -7.2 151.84
-10 -6.8 146.24
-10 -6.4 140.96
-10 -6 136
-10 -5.6 131.36
-10 -5.2 127.04
-10 -4.8 123.04
-10 -4.4 119.36
-10 -4 116
-10 -3.6 112.96
-10 -3.2 110.24
-10 -2.8 107.84
-10 -2.4 105.76
-10 -2 104
-10 -1.6 102.56
-10 -1.2 101.44
-10 -0.8 100.64
-10 -0.4 100.16
-10 0 100
-10 0.4 100.16
-10 0.8 100.64
-10 1.2 101.44
-10 1.6 102.56
-10 2 104
-10 2.4 105.76
-10 2.8 107.84
-10 3.2 110.24
-10 3.6 112.96
-10 4 116
-10 4.4 119.36
-10 4.8 123.04
-10 5.2 127.04
-10 5.6 131.36
-10 6 136
-10 6.4 140.96
-10 6.8 146.24
-10 7.2 151.84
-10 7.6 157.76
-10 8 164
-10 8.4 170.56
-10 8.8 177.44
-10 9.2 184.64
-10 9.6 192.16
-10 10 200
-9.6 -10 192.16
-9.6 -9.6 184.32
-9.6 -9.2 176.8
-9.6 -8.8 169.6
-9.6 -8.4 162.72
-9.6 -8 156.16
-9.6 -7.6 149.92
-9.6 -7.2 144
-9.6 -6.8 138.4
-9.6 -6.4 133.12
-9.6 -6 128.16
-9.6 -5.6 123.52
-9.6 -5.2 119.2
-9.6 -4.8 115.2
-9.6 -4.4 111.52
-9.6 -4 108.16
-9.6 -3.6 105.12
-9.6 -3.2 102.4
-9.6 -2.8 100
-9.6 -2.4 97.92
-9.6 -2 96.16
-9.6 -1.6 94.72
-9.6 -1.2 93.6
-9.6 -0.8 92.8
-9.6 -0.4 92.32
-9.6 0 92.16
-9.6 0.4 92.32
-9.6 0.8 92.8
-9.6 1.2 93.6
-9.6 1.6 94.72
-9.6 2 96.16
-9.6 2.4 97.92
-9.6 2.8 100
-9.6 3.2 102.4
-9.6 3.6 105.12
-9.6 4 108.16
-9.6 4.4 111.52
-9.6 4.8 115.2
-9.6 5.2 119.2
-9.6 5.6 123.52
-9.6 6 128.16
-9.6 6.4 133.12
-9.6 6.8 138.4
-9.6 7.2 144
-9.6 7.6 149.92
-9.6 8 156.16
-9.6 8.4 162.72
-9.6 8.8 169.6
-9.6 9.2 176.8
-9.6 9.6 184.32
-9.6 10 192.16
-9.2 -10 184.64
-9.2 -9.6 176.8
-9.2 -9.2 169.28
-9.2 -8.8 162.08
-9.2 -8.4 155.2
-9.2 -8 148.64
-9.2 -7.6 142.4
-9.2 -7.2 136.48
-9.2 -6.8 130.88
-9.2 -6.4 125.6
-9.2 -6 120.64
-9.2 -5.6 116
-9.2 -5.2 111.68
-9.2 -4.8 107.68
-9.2 -4.4 104
-9.2 -4 100.64
-9.2 -3.6 97.6
-9.2 -3.2 94.88
-9.2 -2.8 92.48
-9.2 -2.4 90.4
-9.2 -2 88.64
-9.2 -1.6 87.2
-9.2 -1.2 86.08
-9.2 -0.8 85.28
-9.2 -0.4 84.8
-9.2 0 84.64
-9.2 0.4 84.8
-9.2 0.8 85.28
-9.2 1.2 86.08
-9.2 1.6 87.2
-9.2 2 88.64
-9.2 2.4 90.4
-9.2 2.8 92.48
-9.2 3.2 94.88
-9.2 3.6 97.6
-9.2 4 100.64
-9.2 4.4 104
-9.2 4.8 107.68
-9.2 5.2 111.68
-9.2 5.6 116
-9.2 6 120.64
-9.2 6.4 125.6
-9.2 6.8 130.88
-9.2 7.2 136.48
-9.2 7.6 142.4
-9.2 8 148.64
-9.2 8.4 155.2
-9.2 8.8 162.08
-9.2 9.2 169.28
-9.2 9.6 176.8
-9.2 10 184.64
-8.8 -10 177.44
-8.8 -9.6 169.6
-8.8 -9.2 162.08
-8.8 -8.8 154.88
-8.8 -8.4 148
-8.8 -8 141.44
-8.8 -7.6 135.2
-8.8 -7.2 129.28
-8.8 -6.8 123.68
-8.8 -6.4 118.4
-8.8 -6 113.44
-8.8 -5.6 108.8
-8.8 -5.2 104.48
-8.8 -4.8 100.48
-8.8 -4.4 96.8
-8.8 -4 93.44
-8.8 -3.6 90.4
-8.8 -3.2 87.68
-8.8 -2.8 85.28
-8.8 -2.4 83.2
-8.8 -2 81.44
-8.8 -1.6 80
-8.8 -1.2 78.88
-8.8 -0.8 78.08
-8.8 -0.4 77.6
-8.8 0 77.44
-8.8 0.4 77.6
-8.8 0.8 78.08
-8.8 1.2 78.88
-8.8 1.6 80
-8.8 2 81.44
-8.8 2.4 83.2
-8.8 2.8 85.28
-8.8 3.2 87.68
-8.8 3.6 90.4
-8.8 4 93.44
-8.8 4.4 96.8
-8.8 4.8 100.48
-8.8 5.2 104.48
-8.8 5.6 108.8
-8.8 6 113.44
-8.8 6.4 118.4
-8.8 6.8 123.68
-8.8 7.2 129.28
-8.8 7.6 135.2
-8.8 8 141.44
-8.8 8.4 148
-8.8 8.8 154.88
-8.8 9.2 162.08
-8.8 9.6 169.6
-8.8 10 177.44
-8.4 -10 170.56
-8.4 -9.6 162.72
-8.4 -9.2 155.2
-8.4 -8.8 148
-8.4 -8.4 141.12
-8.4 -8 134.56
-8.4 -7.6 128.32
-8.4 -7.2 122.4
-8.4 -6.8 116.8
-8.4 -6.4 111.52
-8.4 -6 106.56
-8.4 -5.6 101.92
-8.4 -5.2 97.6
-8.4 -4.8 93.6
-8.4 -4.4 89.92
-8.4 -4 86.56
-8.4 -3.6 83.52
-8.4 -3.2 80.8
-8.4 -2.8 78.4
-8.4 -2.4 76.32
-8.4 -2 74.56
-8.4 -1.6 73.12
-8.4 -1.2 72
-8.4 -0.8 71.2
-8.4 -0.4 70.72
-8.4 0 70.56
-8.4 0.4 70.72
-8.4 0.8 71.2
-8.4 1.2 72
-8.4 1.6 73.12
-8.4 2 74.56
-8.4 2.4 76.32
-8.4 2.8 78.4
-8.4 3.2 80.8
-8.4 3.6 83.52
-8.4 4 86.56
-8.4 4.4 89.92
-8.4 4.8 93.6
-8.4 5.2 97.6
-8.4 5.6 101.92
-8.4 6 106.56
-8.4 6.4 111.52
-8.4 6.8 116.8
-8.4 7.2 122.4
-8.4 7.6 128.32
-8.4 8 134.56
-8.4 8.4 141.12
-8.4 8.8 148
-8.4 9.2 155.2
-8.4 9.6 162.72
-8.4 10 170.56
-8 -10 164
-8 -9.6 156.16
-8 -9.2 148.64
-8 -8.8 141.44
-8 -8.4 134.56
-8 -8 128
-8 -7.6 121.76
-8 -7.2 115.84
-8 -6.8 110.24
-8 -6.4 104.96
-8 -6 100
-8 -5.6 95.36
-8 -5.2 91.04
-8 -4.8 87.04
-8 -4.4 83.36
-8 -4 80
-8 -3.6 76.96
-8 -3.2 74.24
-8 -2.8 71.84
-8 -2.4 69.76
-8 -2 68
-8 -1.6 66.56
-8 -1.2 65.44
-8 -0.8 64.64
-8 -0.4 64.16
-8 0 64
-8 0.4 64.16
-8 0.8 64.64
-8 1.2 65.44
-8 1.6 66.56
-8 2 68
-8 2.4 69.76
-8 2.8 71.84
-8 3.2 74.24
-8 3.6 76.96
-8 4 80
-8 4.4 83.36
-8 4.8 87.04
-8 5.2 91.04
-8 5.6 95.36
-8 6 100
-8 6.4 104.96
-8 6.8 110.24
-8 7.2 115.84
-8 7.6 121.76
-8 8 128
-8 8.4 134.56
-8 8.8 141.44
-8 9.2 148.64
-8 9.6 156.16
-8 10 164
-7.6 -10 157.76
-7.6 -9.6 149.92
-7.6 -9.2 142.4
-7.6 -8.8 135.2
-7.6 -8.4 128.32
-7.6 -8 121.76
-7.6 -7.6 115.52
-7.6 -7.2 109.6
-7.6 -6.8 104
-7.6 -6.4 98.72
-7.6 -6 93.76
-7.6 -5.6 89.12
-7.6 -5.2 84.8
-7.6 -4.8 80.8
-7.6 -4.4 77.12
-7.6 -4 73.76
-7.6 -3.6 70.72
-7.6 -3.2 68
-7.6 -2.8 65.6
-7.6 -2.4 63.52
-7.6 -2 61.76
-7.6 -1.6 60.32
-7.6 -1.2 59.2
-7.6 -0.8 58.4
-7.6 -0.4 57.92
-7.6 0 57.76
-7.6 0.4 57.92
-7.6 0.8 58.4
-7.6 1.2 59.2
-7.6 1.6 60.32
-7.6 2 61.76
-7.6 2.4 63.52
-7.6 2.8 65.6
-7.6 3.2 68
-7.6 3.6 70.72
-7.6 4 73.76
-7.6 4.4 77.12
-7.6 4.8 80.8
-7.6 5.2 84.8
-7.6 5.6 89.12
-7.6 6 93.76
-7.6 6.4 98.72
-7.6 6.8 104
-7.6 7.2 109.6
-7.6 7.6 115.52
-7.6 8 121.76
-7.6 8.4 128.32
-7.6 8.8 135.2
-7.6 9.2 142.4
-7.6 9.6 149.92
-7.6 10 157.76
-7.2 -10 151.84
-7.2 -9.6 144
-7.2 -9.2 136.48
-7.2 -8.8 129.28
-7.2 -8.4 122.4
-7.2 -8 115.84
-7.2 -7.6 109.6
-7.2 -7.2 103.68
-7.2 -6.8 98.08
-7.2 -6.4 92.8
-7.2 -6 87.84
-7.2 -5.6 83.2
-7.2 -5.2 78.88
-7.2 -4.8 74.88
-7.2 -4.4 71.2
-7.2 -4 67.84
-7.2 -3.6 64.8
-7.2 -3.2 62.08
-7.2 -2.8 59.68
-7.2 -2.4 57.6
-7.2 -2 55.84
-7.2 -1.6 54.4
-7.2 -1.2 53.28
-7.2 -0.8 52.48
-7.2 -0.4 52
-7.2 0 51.84
-7.2 0.4 52
-7.2 0.8 52.48
-7.2 1.2 53.28
-7.2 1.6 54.4
-7.2 2 55.84
-7.2 2.4 57.6
-7.2 2.8 59.68
-7.2 3.2 62.08
-7.2 3.6 64.8
-7.2 4 67.84
-7.2 4.4 71.2
-7.2 4.8 74.88
-7.2 5.2 78.88
-7.2 5.6 83.2
-7.2 6 87.84
-7.2 6.4 92.8
-7.2 6.8 98.08
-7.2 7.2 103.68
-7.2 7.6 109.6
-7.2 8 115.84
-7.2 8.4 122.4
-7.2 8.8 129.28
-7.2 9.2 136.48
-7.2 9.6 144
-7.2 10 151.84
-6.8 -10 146.24
-6.8 -9.6 138.4
-6.8 -9.2 130.88
-6.8 -8.8 123.68
-6.8 -8.4 116.8
-6.8 -8 110.24
-6.8 -7.6 104
-6.8 -7.2 98.08
-6.8 -6.8 92.48
-6.8 -6.4 87.2
-6.8 -6 82.24
-6.8 -5.6 77.6
-6.8 -5.2 73.28
-6.8 -4.8 69.28
-6.8 -4.4 65.6
-6.8 -4 62.24
-6.8 -3.6 59.2
-6.8 -3.2 56.48
-6.8 -2.8 54.08
-6.8 -2.4 52
-6.8 -2 50.24
-6.8 -1.6 48.8
-6.8 -1.2 47.68
-6.8 -0.8 46.88
-6.8 -0.4 46.4
-6.8 0 46.24
-6.8 0.4 46.4
-6.8 0.8 46.88
-6.8 1.2 47.68
-6.8 1.6 48.8
-6.8 2 50.24
-6.8 2.4 52
-6.8 2.8 54.08
-6.8 3.2 56.48
-6.8 3.6 59.2
-6.8 4 62.24
-6.8 4.4 65.6
-6.8 4.8 69.28
-6.8 5.2 73.28
-6.8 5.6 77.6
-6.8 6 82.24
-6.8 6.4 87.2
-6.8 6.8 92.48
-6.8 7.2 98.08
-6.8 7.6 104
-6.8 8 110.24
-6.8 8.4 116.8
-6.8 8.8 123.68
-6.8 9.2 130.88
-6.8 9.6 138.4
-6.8 10 146.24
-6.4 -10 140.96
-6.4 -9.6 133.12
-6.4 -9.2 125.6
-6.4 -8.8 118.4
-6.4 -8.4 111.52
-6.4 -8 104.96
-6.4 -7.6 98.72
-6.4 -7.2 92.8
-6.4 -6.8 87.2
-6.4 -6.4 81.92
-6.4 -6 76.96
-6.4 -5.6 72.32
-6.4 -5.2 68
-6.4 -4.8 64
-6.4 -4.4 60.32
-6.4 -4 56.96
-6.4 -3.6 53.92
-6.4 -3.2 51.2
-6.4 -2.8 48.8
-6.4 -2.4 46.72
-6.4 -2 44.96
-6.4 -1.6 43.52
-6.4 -1.2 42.4
-6.4 -0.8 41.6
-6.4 -0.4 41.12
-6.4 0 40.96
-6.4 0.4 41.12
-6.4 0.8 41.6
-6.4 1.2 42.4
-6.4 1.6 43.52
-6.4 2 44.96
-6.4 2.4 46.72
-6.4 2.8 48.8
-6.4 3.2 51.2
-6.4 3.6 53.92
-6.4 4 56.96
-6.4 4.4 60.32
-6.4 4.8 64
-6.4 5.2 68
-6.4 5.6 72.32
-6.4 6 76.96
-6.4 6.4 81.92
-6.4 6.8 87.2
-6.4 7.2 92.8
-6.4 7.6 98.72
-6.4 8 104.96
-6.4 8.4 111.52
-6.4 8.8 118.4
-6.4 9.2 125.6
-6.4 9.6 133.12
-6.4 10 140.96
-6 -10 136
-6 -9.6 128.16
-6 -9.2 120.64
-6 -8.8 113.44
-6 -8.4 106.56
-6 -8 100
-6 -7.6 93.76
-6 -7.2 87.84
-6 -6.8 82.24
-6 -6.4 76.96
-6 -6 72
-6 -5.6 67.36
-6 -5.2 63.04
-6 -4.8 59.04
-6 -4.4 55.36
-6 -4 52
-6 -3.6 48.96
-6 -3.2 46.24
-6 -2.8 43.84
-6 -2.4 41.76
-6 -2 40
-6 -1.6 38.56
-6 -1.2 37.44
-6 -0.8 36.64
-6 -0.4 36.16
-6 0 36
-6 0.4 36.16
-6 0.8 36.64
-6 1.2 37.44
-6 1.6 38.56
-6 2 40
-6 2.4 41.76
-6 2.8 43.84
-6 3.2 46.24
-6 3.6 48.96
-6 4 52
-6 4.4 55.36
-6 4.8 59.04
-6 5.2 63.04
-6 5.6 67.36
-6 6 72
-6 6.4 76.96
-6 6.8 82.24
-6 7.2 87.84
-6 7.6 93.76
-6 8 100
-6 8.4 106.56
-6 8.8 113.44
-6 9.2 120.64
-6 9.6 128.16
-6 10 136
-5.6 -10 131.36
-5.6 -9.6 123.52
-5.6 -9.2 116
-5.6 -8.8 108.8
-5.6 -8.4 101.92
-5.6 -8 95.36
-5.6 -7.6 89.12
-5.6 -7.2 83.2
-5.6 -6.8 77.6
-5.6 -6.4 72.32
-5.6 -6 67.36
-5.6 -5.6 62.72
-5.6 -5.2 58.4
-5.6 -4.8 54.4
-5.6 -4.4 50.72
-5.6 -4 47.36
-5.6 -3.6 44.32
-5.6 -3.2 41.6
-5.6 -2.8 39.2
-5.6 -2.4 37.12
-5.6 -2 35.36
-5.6 -1.6 33.92
-5.6 -1.2 32.8
-5.6 -0.8 32
-5.6 -0.4 31.52
-5.6 0 31.36
-5.6 0.4 31.52
-5.6 0.8 32
-5.6 1.2 32.8
-5.6 1.6 33.92
-5.6 2 35.36
-5.6 2.4 37.12
-5.6 2.8 39.2
-5.6 3.2 41.6
-5.6 3.6 44.32
-5.6 4 47.36
-5.6 4.4 50.72
-5.6 4.8 54.4
-5.6 5.2 58.4
-5.6 5.6 62.72
-5.6 6 67.36
-5.6 6.4 72.32
-5.6 6.8 77.6
-5.6 7.2 83.2
-5.6 7.6 89.12
-5.6 8 95.36
-5.6 8.4 101.92
-5.6 8.8 108.8
-5.6 9.2 116
-5.6 9.6 123.52
-5.6 10 131.36
-5.2 -10 127.04
-5.2 -9.6 119.2
-5.2 -9.2 111.68
-5.2 -8.8 104.48
-5.2 -8.4 97.6
-5.2 -8 91.04
-5.2 -7.6 84.8
-5.2 -7.2 78.88
-5.2 -6.8 73.28
-5.2 -6.4 68
-5.2 -6 63.04
-5.2 -5.6 58.4
-5.2 -5.2 54.08
-5.2 -4.8 50.08
-5.2 -4.4 46.4
-5.2 -4 43.04
-5.2 -3.6 40
-5.2 -3.2 37.28
-5.2 -2.8 34.88
-5.2 -2.4 32.8
-5.2 -2 31.04
-5.2 -1.6 29.6
-5.2 -1.2 28.48
-5.2 -0.8 27.68
-5.2 -0.4 27.2
-5.2 0 27.04
-5.2 0.4 27.2
-5.2 0.8 27.68
-5.2 1.2 28.48
-5.2 1.6 29.6
-5.2 2 31.04
-5.2 2.4 32.8
-5.2 2.8 34.88
-5.2 3.2 37.28
-5.2 3.6 40
-5.2 4 43.04
-5.2 4.4 46.4
-5.2 4.8 50.08
-5.2 5.2 54.08
-5.2 5.6 58.4
-5.2 6 63.04
-5.2 6.4 68
-5.2 6.8 73.28
-5.2 7.2 78.88
-5.2 7.6 84.8
-5.2 8 91.04
-5.2 8.4 97.6
-5.2 8.8 104.48
-5.2 9.2 111.68
-5.2 9.6 119.2
-5.2 10 127.04
-4.8 -10 123.04
-4.8 -9.6 115.2
-4.8 -9.2 107.68
-4.8 -8.8 100.48
-4.8 -8.4 93.6
-4.8 -8 87.04
-4.8 -7.6 80.8
-4.8 -7.2 74.88
-4.8 -6.8 69.28
-4.8 -6.4 64
-4.8 -6 59.04
-4.8 -5.6 54.4
-4.8 -5.2 50.08
-4.8 -4.8 46.08
-4.8 -4.4 42.4
-4.8 -4 39.04
-4.8 -3.6 36
-4.8 -3.2 33.28
-4.8 -2.8 30.88
-4.8 -2.4 28.8
-4.8 -2 27.04
-4.8 -1.6 25.6
-4.8 -1.2 24.48
-4.8 -0.8 23.68
-4.8 -0.4 23.2
-4.8 0 23.04
-4.8 0.4 23.2
-4.8 0.8 23.68
-4.8 1.2 24.48
-4.8 1.6 25.6
-4.8 2 27.04
-4.8 2.4 28.8
-4.8 2.8 30.88
-4.8 3.2 33.28
-4.8 3.6 36
-4.8 4 39.04
-4.8 4.4 42.4
-4.8 4.8 46.08
-4.8 5.2 50.08
-4.8 5.6 54.4
-4.8 6 59.04
-4.8 6.4 64
-4.8 6.8 69.28
-4.8 7.2 74.88
-4.8 7.6 80.8
-4.8 8 87.04
-4.8 8.4 93.6
-4.8 8.8 100.48
-4.8 9.2 107.68
-4.8 9.6 115.2
-4.8 10 123.04
-4.4 -10 119.36
-4.4 -9.6 111.52
-4.4 -9.2 104
-4.4 -8.8 96.8
-4.4 -8.4 89.92
-4.4 -8 83.36
-4.4 -7.6 77.12
-4.4 -7.2 71.2
-4.4 -6.8 65.6
-4.4 -6.4 60.32
-4.4 -6 55.36
-4.4 -5.6 50.72
-4.4 -5.2 46.4
-4.4 -4.8 42.4
-4.4 -4.4 38.72
-4.4 -4 35.36
-4.4 -3.6 32.32
-4.4 -3.2 29.6
-4.4 -2.8 27.2
-4.4 -2.4 25.12
-4.4 -2 23.36
-4.4 -1.6 21.92
-4.4 -1.2 20.8
-4.4 -0.8 20
-4.4 -0.4 19.52
-4.4 0 19.36
-4.4 0.4 19.52
-4.4 0.8 20
-4.4 1.2 20.8
-4.4 1.6 21.92
-4.4 2 23.36
-4.4 2.4 25.12
-4.4 2.8 27.2
-4.4 3.2 29.6
-4.4 3.6 32.32
-4.4 4 35.36
-4.4 4.4 38.72
-4.4 4.8 42.4
-4.4 5.2 46.4
-4.4 5.6 50.72
-4.4 6 55.36
-4.4 6.4 60.32
-4.4 6.8 65.6
-4.4 7.2 71.2
-4.4 7.6 77.12
-4.4 8 83.36
-4.4 8.4 89.92
-4.4 8.8 96.8
-4.4 9.2 104
-4.4 9.6 111.52
-4.4 10 119.36
-4 -10 116
-4 -9.6 108.16
-4 -9.2 100.64
-4 -8.8 93.44
-4 -8.4 86.56
-4 -8 80
-4 -7.6 73.76
-4 -7.2 67.84
-4 -6.8 62.24
-4 -6.4 56.96
-4 -6 52
-4 -5.6 47.36
-4 -5.2 43.04
-4 -4.8 39.04
-4 -4.4 35.36
-4 -4 32
-4 -3.6 28.96
-4 -3.2 26.24
-4 -2.8 23.84
-4 -2.4 21.76
-4 -2 20
-4 -1.6 18.56
-4 -1.2 17.44
-4 -0.8 16.64
-4 -0.4 16.16
-4 0 16
-4 0.4 16.16
-4 0.8 16.64
-4 1.2 17.44
-4 1.6 18.56
-4 2 20
-4 2.4 21.76
-4 2.8 23.84
-4 3.2 26.24
-4 3.6 28.96
-4 4 32
-4 4.4 35.36
-4 4.8 39.04
-4 5.2 43.04
-4 5.6 47.36
-4 6 52
-4 6.4 56.96
-4 6.8 62.24
-4 7.2 67.84
-4 7.6 73.76
-4 8 80
-4 8.4 86.56
-4 8.8 93.44
-4 9.2 100.64
-4 9.6 108.16
-4 10 116
-3.6 -10 112.96
-3.6 -9.6 105.12
-3.6 -9.2 97.6
-3.6 -8.8 90.4
-3.6 -8.4 83.52
-3.6 -8 76.96
-3.6 -7.6 70.72
-3.6 -7.2 64.8
-3.6 -6.8 59.2
-3.6 -6.4 53.92
-3.6 -6 48.96
-3.6 -5.6 44.32
-3.6 -5.2 40
-3.6 -4.8 36
-3.6 -4.4 32.32
-3.6 -4 28.96
-3.6 -3.6 25.92
-3.6 -3.2 23.2
-3.6 -2.8 20.8
-3.6 -2.4 18.72
-3.6 -2 16.96
-3.6 -1.6 15.52
-3.6 -1.2 14.4
-3.6 -0.8 13.6
-3.6 -0.4 13.12
-3.6 0 12.96
-3.6 0.4 13.12
-3.6 0.8 13.6
-3.6 1.2 14.4
-3.6 1.6 15.52
-3.6 2 16.96
-3.6 2.4 18.72
-3.6 2.8 20.8
-3.6 3.2 23.2
-3.6 3.6 25.92
-3.6 4 28.96
-3.6 4.4 32.32
-3.6 4.8 36
-3.6 5.2 40
-3.6 5.6 44.32
-3.6 6 48.96
-3.6 6.4 53.92
-3.6 6.8 59.2
-3.6 7.2 64.8
-3.6 7.6 70.72
-3.6 8 76.96
-3.6 8.4 83.52
-3.6 8.8 90.4
-3.6 9.2 97.6
-3.6 9.6 105.12
-3.6 10 112.96
-3.2 -10 110.24
-3.2 -9.6 102.4
-3.2 -9.2 94.88
-3.2 -8.8 87.68
-3.2 -8.4 80.8
-3.2 -8 74.24
-3.2 -7.6 68
-3.2 -7.2 62.08
-3.2 -6.8 56.48
-3.2 -6.4 51.2
-3.2 -6 46.24
-3.2 -5.6 41.6
-3.2 -5.2 37.28
-3.2 -4.8 33.28
-3.2 -4.4 29.6
-3.2 -4 26.24
-3.2 -3.6 23.2
-3.2 -3.2 20.48
-3.2 -2.8 18.08
-3.2 -2.4 16
-3.2 -2 14.24
-3.2 -1.6 12.8
-3.2 -1.2 11.68
-3.2 -0.8 10.88
-3.2 -0.4 10.4
-3.2 0 10.24
-3.2 0.4 10.4
-3.2 0.8 10.88
-3.2 1.2 11.68
-3.2 1.6 12.8
-3.2 2 14.24
-3.2 2.4 16
-3.2 2.8 18.08
-3.2 3.2 20.48
-3.2 3.6 23.2
-3.2 4 26.24
-3.2 4.4 29.6
-3.2 4.8 33.28
-3.2 5.2 37.28
-3.2 5.6 41.6
-3.2 6 46.24
-3.2 6.4 51.2
-3.2 6.8 56.48
-3.2 7.2 62.08
-3.2 7.6 68
-3.2 8 74.24
-3.2 8.4 80.8
-3.2 8.8 87.68
-3.2 9.2 94.88
-3.2 9.6 102.4
-3.2 10 110.24
-2.8 -10 107.84
-2.8 -9.6 100
-2.8 -9.2 92.48
-2.8 -8.8 85.28
-2.8 -8.4 78.4
-2.8 -8 71.84
-2.8 -7.6 65.6
-2.8 -7.2 59.68
-2.8 -6.8 54.08
-2.8 -6.4 48.8
-2.8 -6 43.84
-2.8 -5.6 39.2
-2.8 -5.2 34.88
-2.8 -4.8 30.88
-2.8 -4.4 27.2
-2.8 -4 23.84
-2.8 -3.6 20.8
-2.8 -3.2 18.08
-2.8 -2.8 15.68
-2.8 -2.4 13.6
-2.8 -2 11.84
-2.8 -1.6 10.4
-2.8 -1.2 9.28
-2.8 -0.8 8.48
-2.8 -0.4 8
-2.8 0 7.84
-2.8 0.4 8
-2.8 0.8 8.48
-2.8 1.2 9.28
-2.8 1.6 10.4
-2.8 2 11.84
-2.8 2.4 13.6
-2.8 2.8 15.68
-2.8 3.2 18.08
-2.8 3.6 20.8
-2.8 4 23.84
-2.8 4.4 27.2
-2.8 4.8 30.88
-2.8 5.2 34.88
-2.8 5.6 39.2
-2.8 6 43.84
-2.8 6.4 48.8
-2.8 6.8 54.08
-2.8 7.2 59.68
-2.8 7.6 65.6
-2.8 8 71.84
-2.8 8.4 78.4
-2.8 8.8 85.28
-2.8 9.2 92.48
-2.8 9.6 100
-2.8 10 107.84
-2.4 -10 105.76
-2.4 -9.6 97.92
-2.4 -9.2 90.4
-2.4 -8.8 83.2
-2.4 -8.4 76.32
-2.4 -8 69.76
-2.4 -7.6 63.52
-2.4 -7.2 57.6
-2.4 -6.8 52
-2.4 -6.4 46.72
-2.4 -6 41.76
-2.4 -5.6 37.12
-2.4 -5.2 32.8
-2.4 -4.8 28.8
-2.4 -4.4 25.12
-2.4 -4 21.76
-2.4 -3.6 18.72
-2.4 -3.2 16
-2.4 -2.8 13.6
-2.4 -2.4 11.52
-2.4 -2 9.76
-2.4 -1.6 8.32
-2.4 -1.2 7.2
-2.4 -0.8 6.4
-2.4 -0.4 5.92
-2.4 0 5.76
-2.4 0.4 5.92
-2.4 0.8 6.4
-2.4 1.2 7.2
-2.4 1.6 8.32
-2.4 2 9.76
-2.4 2.4 11.52
-2.4 2.8 13.6
-2.4 3.2 16
-2.4 3.6 18.72
-2.4 4 21.76
-2.4 4.4 25.12
-2.4 4.8 28.8
-2.4 5.2 32.8
-2.4 5.6 37.12
-2.4 6 41.76
-2.4 6.4 46.72
-2.4 6.8 52
-2.4 7.2 57.6
-2.4 7.6 63.52
-2.4 8 69.76
-2.4 8.4 76.32
-2.4 8.8 83.2
-2.4 9.2 90.4
-2.4 9.6 97.92
-2.4 10 105.76
-2 -10 104
-2 -9.6 96.16
-2 -9.2 88.64
-2 -8.8 81.44
-2 -8.4 74.56
-2 -8 68
-2 -7.6 61.76
-2 -7.2 55.84
-2 -6.8 50.24
-2 -6.4 44.96
-2 -6 40
-2 -5.6 35.36
-2 -5.2 31.04
-2 -4.8 27.04
-2 -4.4 23.36
-2 -4 20
-2 -3.6 16.96
-2 -3.2 14.24
-2 -2.8 11.84
-2 -2.4 9.76
-2 -2 8
-2 -1.6 6.56
-2 -1.2 5.44
-2 -0.8 4.64
-2 -0.4 4.16
-2 0 4
-2 0.4 4.16
-2 0.8 4.64
-2 1.2 5.44
-2 1.6 6.56
-2 2 8
-2 2.4 9.76
-2 2.8 11.84
-2 3.2 14.24
-2 3.6 16.96
-2 4 20
-2 4.4 23.36
-2 4.8 27.04
-2 5.2 31.04
-2 5.6 35.36
-2 6 40
-2 6.4 44.96
-2 6.8 50.24
-2 7.2 55.84
-2 7.6 61.76
-2 8 68
-2 8.4 74.56
-2 8.8 81.44
-2 9.2 88.64
-2 9.6 96.16
-2 10 104
-1.6 -10 102.56
-1.6 -9.6 94.72
-1.6 -9.2 87.2
-1.6 -8.8 80
-1.6 -8.4 73.12
-1.6 -8 66.56
-1.6 -7.6 60.32
-1.6 -7.2 54.4
-1.6 -6.8 48.8
-1.6 -6.4 43.52
-1.6 -6 38.56
-1.6 -5.6 33.92
-1.6 -5.2 29.6
-1.6 -4.8 25.6
-1.6 -4.4 21.92
-1.6 -4 18.56
-1.6 -3.6 15.52
-1.6 -3.2 12.8
-1.6 -2.8 10.4
-1.6 -2.4 8.32
-1.6 -2 6.56
-1.6 -1.6 5.12
-1.6 -1.2 4
-1.6 -0.8 3.2
-1.6 -0.4 2.72
-1.6 0 2.56
-1.6 0.4 2.72
-1.6 0.8 3.2
-1.6 1.2 4
-1.6 1.6 5.12
-1.6 2 6.56
-1.6 2.4 8.32
-1.6 2.8 10.4
-1.6 3.2 12.8
-1.6 3.6 15.52
-1.6 4 18.56
-1.6 4.4 21.92
-1.6 4.8 25.6
-1.6 5.2 29.6
-1.6 5.6 33.92
-1.6 6 38.56
-1.6 6.4 43.52
-1.6 6.8 48.8
-1.6 7.2 54.4
-1.6 7.6 60.32
-1.6 8 66.56
-1.6 8.4 73.12
-1.6 8.8 80
-1.6 9.2 87.2
-1.6 9.6 94.72
-1.6 10 102.56
-1.2 -10 101.44
-1.2 -9.6 93.6
-1.2 -9.2 86.08
-1.2 -8.8 78.88
-1.2 -8.4 72
-1.2 -8 65.44
-1.2 -7.6 59.2
-1.2 -7.2 53.28
-1.2 -6.8 47.68
-1.2 -6.4 42.4
-1.2 -6 37.44
-1.2 -5.6 32.8
-1.2 -5.2 28.48
-1.2 -4.8 24.48
-1.2 -4.4 20.8
-1.2 -4 17.44
-1.2 -3.6 14.4
-1.2 -3.2 11.68
-1.2 -2.8 9.28
-1.2 -2.4 7.2
-1.2 -2 5.44
-1.2 -1.6 4
-1.2 -1.2 2.88
-1.2 -0.8 2.08
-1.2 -0.4 1.6
-1.2 0 1.44
-1.2 0.4 1.6
-1.2 0.8 2.08
-1.2 1.2 2.88
-1.2 1.6 4
-1.2 2 5.44
-1.2 2.4 7.2
-1.2 2.8 9.28
-1.2 3.2 11.68
-1.2 3.6 14.4
-1.2 4 17.44
-1.2 4.4 20.8
-1.2 4.8 24.48
-1.2 5.2 28.48
-1.2 5.6 32.8
-1.2 6 37.44
-1.2 6.4 42.4
-1.2 6.8 47.68
-1.2 7.2 53.28
-1.2 7.6 59.2
-1.2 8 65.44
-1.2 8.4 72
-1.2 8.8 78.88
-1.2 9.2 86.08
-1.2 9.6 93.6
-1.2 10 101.44
-0.8 -10 100.64
-0.8 -9.6 92.8
-0.8 -9.2 85.28
-0.8 -8.8 78.08
-0.8 -8.4 71.2
-0.8 -8 64.64
-0.8 -7.6 58.4
-0.8 -7.2 52.48
-0.8 -6.8 46.88
-0.8 -6.4 41.6
-0.8 -6 36.64
-0.8 -5.6 32
-0.8 -5.2 27.68
-0.8 -4.8 23.68
-0.8 -4.4 20
-0.8 -4 16.64
-0.8 -3.6 13.6
-0.8 -3.2 10.88
-0.8 -2.8 8.48
-0.8 -2.4 6.4
-0.8 -2 4.64
-0.8 -1.6 3.2
-0.8 -1.2 2.08
-0.8 -0.8 1.28
-0.8 -0.4 0.8
-0.8 0 0.64
-0.8 0.4 0.8
-0.8 0.8 1.28
-0.8 1.2 2.08
-0.8 1.6 3.2
-0.8 2 4.64
-0.8 2.4 6.4
-0.8 2.8 8.48
-0.8 3.2 10.88
-0.8 3.6 13.6
-0.8 4 16.64
-0.8 4.4 20
-0.8 4.8 23.68
-0.8 5.2 27.68
-0.8 5.6 32
-0.8 6 36.64
-0.8 6.4 41.6
-0.8 6.8 46.88
-0.8 7.2 52.48
-0.8 7.6 58.4
-0.8 8 64.64
-0.8 8.4 71.2
-0.8 8.8 78.08
-0.8 9.2 85.28
-0.8 9.6 92.8
-0.8 10 100.64
-0.4 -10 100.16
-0.4 -9.6 92.32
-0.4 -9.2 84.8
-0.4 -8.8 77.6
-0.4 -8.4 70.72
-0.4 -8 64.16
-0.4 -7.6 57.92
-0.4 -7.2 52
-0.4 -6.8 46.4
-0.4 -6.4 41.12
-0.4 -6 36.16
-0.4 -5.6 31.52
-0.4 -5.2 27.2
-0.4 -4.8 23.2
-0.4 -4.4 19.52
-0.4 -4 16.16
-0.4 -3.6 13.12
-0.4 -3.2 10.4
-0.4 -2.8 8
-0.4 -2.4 5.92
-0.4 -2 4.16
-0.4 -1.6 2.72
-0.4 -1.2 1.6
-0.4 -0.8 0.8
-0.4 -0.4 0.32
-0.4 0 0.16
-0.4 0.4 0.32
-0.4 0.8 0.8
-0.4 1.2 1.6
-0.4 1.6 2.72
-0.4 2 4.16
-0.4 2.4 5.92
-0.4 2.8 8
-0.4 3.2 10.4
-0.4 3.6 13.12
-0.4 4 16.16
-0.4 4.4 19.52
-0.4 4.8 23.2
-0.4 5.2 27.2
-0.4 5.6 31.52
-0.4 6 36.16
-0.4 6.4 41.12
-0.4 6.8 46.4
-0.4 7.2 52
-0.4 7.6 57.92
-0.4 8 64.16
-0.4 8.4 70.72
-0.4 8.8 77.6
-0.4 9.2 84.8
-0.4 9.6 92.32
-0.4 10 100.16
0 -10 100
0 -9.6 92.16
0 -9.2 84.64
0 -8.8 77.44
0 -8.4 70.56
0 -8 64
0 -7.6 57.76
0 -7.2 51.84
0 -6.8 46.24
0 -6.4 40.96
0 -6 36
0 -5.6 31.36
0 -5.2 27.04
0 -4.8 23.04
0 -4.4 19.36
0 -4 16
0 -3.6 12.96
0 -3.2 10.24
0 -2.8 7.84
0 -2.4 5.76
0 -2 4
0 -1.6 2.56
0 -1.2 1.44
0 -0.8 0.64
0 -0.4 0.16
0 0 0
0 0.4 0.16
0 0.8 0.64
0 1.2 1.44
0 1.6 2.56
0 2 4
0 2.4 5.76
0 2.8 7.84
0 3.2 10.24
0 3.6 12.96
0 4 16
0 4.4 19.36
0 4.8 23.04
0 5.2 27.04
0 5.6 31.36
0 6 36
0 6.4 40.96
0 6.8 46.24
0 7.2 51.84
0 7.6 57.76
0 8 64
0 8.4 70.56
0 8.8 77.44
0 9.2 84.64
0 9.6 92.16
0 10 100
0.4 -10 100.16
0.4 -9.6 92.32
0.4 -9.2 84.8
0.4 -8.8 77.6
0.4 -8.4 70.72
0.4 -8 64.16
0.4 -7.6 57.92
0.4 -7.2 52
0.4 -6.8 46.4
0.4 -6.4 41.12
0.4 -6 36.16
0.4 -5.6 31.52
0.4 -5.2 27.2
0.4 -4.8 23.2
0.4 -4.4 19.52
0.4 -4 16.16
0.4 -3.6 13.12
0.4 -3.2 10.4
0.4 -2.8 8
0.4 -2.4 5.92
0.4 -2 4.16
0.4 -1.6 2.72
0.4 -1.2 1.6
0.4 -0.8 0.8
0.4 -0.4 0.32
0.4 0 0.16
0.4 0.4 0.32
0.4 0.8 0.8
0.4 1.2 1.6
0.4 1.6 2.72
0.4 2 4.16
0.4 2.4 5.92
0.4 2.8 8
0.4 3.2 10.4
0.4 3.6 13.12
0.4 4 16.16
0.4 4.4 19.52
0.4 4.8 23.2
0.4 5.2 27.2
0.4 5.6 31.52
0.4 6 36.16
0.4 6.4 41.12
0.4 6.8 46.4
0.4 7.2 52
0.4 7.6 57.92
0.4 8 64.16
0.4 8.4 70.72
0.4 8.8 77.6
0.4 9.2 84.8
0.4 9.6 92.32
0.4 10 100.16
0.8 -10 100.64
0.8 -9.6 92.8
0.8 -9.2 85.28
0.8 -8.8 78.08
0.8 -8.4 71.2
0.8 -8 64.64
0.8 -7.6 58.4
0.8 -7.2 52.48
0.8 -6.8 46.88
0.8 -6.4 41.6
0.8 -6 36.64
0.8 -5.6 32
0.8 -5.2 27.68
0.8 -4.8 23.68
0.8 -4.4 20
0.8 -4 16.64
0.8 -3.6 13.6
0.8 -3.2 10.88
0.8 -2.8 8.48
0.8 -2.4 6.4
0.8 -2 4.64
0.8 -1.6 3.2
0.8 -1.2 2.08
0.8 -0.8 1.28
0.8 -0.4 0.8
0.8 0 0.64
0.8 0.4 0.8
0.8 0.8 1.28
0.8 1.2 2.08
0.8 1.6 3.2
0.8 2 4.64
0.8 2.4 6.4
0.8 2.8 8.48
0.8 3.2 10.88
0.8 3.6 13.6
0.8 4 16.64
0.8 4.4 20
0.8 4.8 23.68
0.8 5.2 27.68
0.8 5.6 32
0.8 6 36.64
0.8 6.4 41.6
0.8 6.8 46.88
0.8 7.2 52.48
0.8 7.6 58.4
0.8 8 64.64
0.8 8.4 71.2
0.8 8.8 78.08
0.8 9.2 85.28
0.8 9.6 92.8
0.8 10 100.64
1.2 -10 101.44
1.2 -9.6 93.6
1.2 -9.2 86.08
1.2 -8.8 78.88
1.2 -8.4 72
1.2 -8 65.44
1.2 -7.6 59.2
1.2 -7.2 53.28
1.2 -6.8 47.68
1.2 -6.4 42.4
1.2 -6 37.44
1.2 -5.6 32.8
1.2 -5.2 28.48
1.2 -4.8 24.48
1.2 -4.4 20.8
1.2 -4 17.44
1.2 -3.6 14.4
1.2 -3.2 11.68
1.2 -2.8 9.28
1.2 -2.4 7.2
1.2 -2 5.44
1.2 -1.6 4
1.2 -1.2 2.88
1.2 -0.8 2.08
1.2 -0.4 1.6
1.2 0 1.44
1.2 0.4 1.6
1.2 0.8 2.08
1.2 1.2 2.88
1.2 1.6 4
1.2 2 5.44
1.2 2.4 7.2
1.2 2.8 9.28
1.2 3.2 11.68
1.2 3.6 14.4
1.2 4 17.44
1.2 4.4 20.8
1.2 4.8 24.48
1.2 5.2 28.48
1.2 5.6 32.8
1.2 6 37.44
1.2 6.4 42.4
1.2 6.8 47.68
1.2 7.2 53.28
1.2 7.6 59.2
1.2 8 65.44
1.2 8.4 72
1.2 8.8 78.88
1.2 9.2 86.08
1.2 9.6 93.6
1.2 10 101.44
1.6 -10 102.56
1.6 -9.6 94.72
1.6 -9.2 87.2
1.6 -8.8 80
1.6 -8.4 73.12
1.6 -8 66.56
1.6 -7.6 60.32
1.6 -7.2 54.4
1.6 -6.8 48.8
1.6 -6.4 43.52
1.6 -6 38.56
1.6 -5.6 33.92
1.6 -5.2 29.6
1.6 -4.8 25.6
1.6 -4.4 21.92
1.6 -4 18.56
1.6 -3.6 15.52
1.6 -3.2 12.8
1.6 -2.8 10.4
1.6 -2.4 8.32
1.6 -2 6.56
1.6 -1.6 5.12
1.6 -1.2 4
1.6 -0.8 3.2
1.6 -0.4 2.72
1.6 0 2.56
1.6 0.4 2.72
1.6 0.8 3.2
1.6 1.2 4
1.6 1.6 5.12
1.6 2 6.56
1.6 2.4 8.32
1.6 2.8 10.4
1.6 3.2 12.8
1.6 3.6 15.52
1.6 4 18.56
1.6 4.4 21.92
1.6 4.8 25.6
1.6 5.2 29.6
1.6 5.6 33.92
1.6 6 38.56
1.6 6.4 43.52
1.6 6.8 48.8
1.6 7.2 54.4
1.6 7.6 60.32
1.6 8 66.56
1.6 8.4 73.12
1.6 8.8 80
1.6 9.2 87.2
1.6 9.6 94.72
1.6 10 102.56
2 -10 104
2 -9.6 96.16
2 -9.2 88.64
2 -8.8 81.44
2 -8.4 74.56
2 -8 68
2 -7.6 61.76
2 -7.2 55.84
2 -6.8 50.24
2 -6.4 44.96
2 -6 40
2 -5.6 35.36
2 -5.2 31.04
2 -4.8 27.04
2 -4.4 23.36
2 -4 20
2 -3.6 16.96
2 -3.2 14.24
2 -2.8 11.84
2 -2.4 9.76
2 -2 8
2 -1.6 6.56
2 -1.2 5.44
2 -0.8 4.64
2 -0.4 4.16
2 0 4
2 0.4 4.16
2 0.8 4.64
2 1.2 5.44
2 1.6 6.56
2 2 8
2 2.4 9.76
2 2.8 11.84
2 3.2 14.24
2 3.6 16.96
2 4 20
2 4.4 23.36
2 4.8 27.04
2 5.2 31.04
2 5.6 35.36
2 6 40
2 6.4 44.96
2 6.8 50.24
2 7.2 55.84
2 7.6 61.76
2 8 68
2 8.4 74.56
2 8.8 81.44
2 9.2 88.64
2 9.6 96.16
2 10 104
2.4 -10 105.76
2.4 -9.6 97.92
2.4 -9.2 90.4
2.4 -8.8 83.2
2.4 -8.4 76.32
2.4 -8 69.76
2.4 -7.6 63.52
2.4 -7.2 57.6
2.4 -6.8 52
2.4 -6.4 46.72
2.4 -6 41.76
2.4 -5.6 37.12
2.4 -5.2 32.8
2.4 -4.8 28.8
2.4 -4.4 25.12
2.4 -4 21.76
2.4 -3.6 18.72
2.4 -3.2 16
2.4 -2.8 13.6
2.4 -2.4 11.52
2.4 -2 9.76
2.4 -1.6 8.32
2.4 -1.2 7.2
2.4 -0.8 6.4
2.4 -0.4 5.92
2.4 0 5.76
2.4 0.4 5.92
2.4 0.8 6.4
2.4 1.2 7.2
2.4 1.6 8.32
2.4 2 9.76
2.4 2.4 11.52
2.4 2.8 13.6
2.4 3.2 16
2.4 3.6 18.72
2.4 4 21.76
2.4 4.4 25.12
2.4 4.8 28.8
2.4 5.2 32.8
2.4 5.6 37.12
2.4 6 41.76
2.4 6.4 46.72
2.4 6.8 52
2.4 7.2 57.6
2.4 7.6 63.52
2.4 8 69.76
2.4 8.4 76.32
2.4 8.8 83.2
2.4 9.2 90.4
2.4 9.6 97.92
2.4 10 105.76
2.8 -10 107.84
2.8 -9.6 100
2.8 -9.2 92.48
2.8 -8.8 85.28
2.8 -8.4 78.4
2.8 -8 71.84
2.8 -7.6 65.6
2.8 -7.2 59.68
2.8 -6.8 54.08
2.8 -6.4 48.8
2.8 -6 43.84
2.8 -5.6 39.2
2.8 -5.2 34.88
2.8 -4.8 30.88
2.8 -4.4 27.2
2.8 -4 23.84
2.8 -3.6 20.8
2.8 -3.2 18.08
2.8 -2.8 15.68
2.8 -2.4 13.6
2.8 -2 11.84
2.8 -1.6 10.4
2.8 -1.2 9.28
2.8 -0.8 8.48
2.8 -0.4 8
2.8 0 7.84
2.8 0.4 8
2.8 0.8 8.48
2.8 1.2 9.28
2.8 1.6 10.4
2.8 2 11.84
2.8 2.4 13.6
2.8 2.8 15.68
2.8 3.2 18.08
2.8 3.6 20.8
2.8 4 23.84
2.8 4.4 27.2
2.8 4.8 30.88
2.8 5.2 34.88
2.8 5.6 39.2
2.8 6 43.84
2.8 6.4 48.8
2.8 6.8 54.08
2.8 7.2 59.68
2.8 7.6 65.6
2.8 8 71.84
2.8 8.4 78.4
2.8 8.8 85.28
2.8 9.2 92.48
2.8 9.6 100
2.8 10 107.84
3.2 -10 110.24
3.2 -9.6 102.4
3.2 -9.2 94.88
3.2 -8.8 87.68
3.2 -8.4 80.8
3.2 -8 74.24
3.2 -7.6 68
3.2 -7.2 62.08
3.2 -6.8 56.48
3.2 -6.4 51.2
3.2 -6 46.24
3.2 -5.6 41.6
3.2 -5.2 37.28
3.2 -4.8 33.28
3.2 -4.4 29.6
3.2 -4 26.24
3.2 -3.6 23.2
3.2 -3.2 20.48
3.2 -2.8 18.08
3.2 -2.4 16
3.2 -2 14.24
3.2 -1.6 12.8
3.2 -1.2 11.68
3.2 -0.8 10.88
3.2 -0.4 10.4
3.2 0 10.24
3.2 0.4 10.4
3.2 0.8 10.88
3.2 1.2 11.68
3.2 1.6 12.8
3.2 2 14.24
3.2 2.4 16
3.2 2.8 18.08
3.2 3.2 20.48
3.2 3.6 23.2
3.2 4 26.24
3.2 4.4 29.6
3.2 4.8 33.28
3.2 5.2 37.28
3.2 5.6 41.6
3.2 6 46.24
3.2 6.4 51.2
3.2 6.8 56.48
3.2 7.2 62.08
3.2 7.6 68
3.2 8 74.24
3.2 8.4 80.8
3.2 8.8 87.68
3.2 9.2 94.88
3.2 9.6 102.4
3.2 10 110.24
3.6 -10 112.96
3.6 -9.6 105.12
3.6 -9.2 97.6
3.6 -8.8 90.4
3.6 -8.4 83.52
3.6 -8 76.96
3.6 -7.6 70.72
3.6 -7.2 64.8
3.6 -6.8 59.2
3.6 -6.4 53.92
3.6 -6 48.96
3.6 -5.6 44.32
3.6 -5.2 40
3.6 -4.8 36
3.6 -4.4 32.32
3.6 -4 28.96
3.6 -3.6 25.92
3.6 -3.2 23.2
3.6 -2.8 20.8
3.6 -2.4 18.72
3.6 -2 16.96
3.6 -1.6 15.52
3.6 -1.2 14.4
3.6 -0.8 13.6
3.6 -0.4 13.12
3.6 0 12.96
3.6 0.4 13.12
3.6 0.8 13.6
3.6 1.2 14.4
3.6 1.6 15.52
3.6 2 16.96
3.6 2.4 18.72
3.6 2.8 20.8
3.6 3.2 23.2
3.6 3.6 25.92
3.6 4 28.96
3.6 4.4 32.32
3.6 4.8 36
3.6 5.2 40
3.6 5.6 44.32
3.6 6 48.96
3.6 6.4 53.92
3.6 6.8 59.2
3.6 7.2 64.8
3.6 7.6 70.72
3.6 8 76.96
3.6 8.4 83.52
3.6 8.8 90.4
3.6 9.2 97.6
3.6 9.6 105.12
3.6 10 112.96
4 -10 116
4 -9.6 108.16
4 -9.2 100.64
4 -8.8 93.44
4 -8.4 86.56
4 -8 80
4 -7.6 73.76
4 -7.2 67.84
4 -6.8 62.24
4 -6.4 56.96
4 -6 52
4 -5.6 47.36
4 -5.2 43.04
4 -4.8 39.04
4 -4.4 35.36
4 -4 32
4 -3.6 28.96
4 -3.2 26.24
4 -2.8 23.84
4 -2.4 21.76
4 -2 20
4 -1.6 18.56
4 -1.2 17.44
4 -0.8 16.64
4 -0.4 16.16
4 0 16
4 0.4 16.16
4 0.8 16.64
4 1.2 17.44
4 1.6 18.56
4 2 20
4 2.4 21.76
4 2.8 23.84
4 3.2 26.24
4 3.6 28.96
4 4 32
4 4.4 35.36
4 4.8 39.04
4 5.2 43.04
4 5.6 47.36
4 6 52
4 6.4 56.96
4 6.8 62.24
4 7.2 67.84
4 7.6 73.76
4 8 80
4 8.4 86.56
4 8.8 93.44
4 9.2 100.64
4 9.6 108.16
4 10 116
4.4 -10 119.36
4.4 -9.6 111.52
4.4 -9.2 104
4.4 -8.8 96.8
4.4 -8.4 89.92
4.4 -8 83.36
4.4 -7.6 77.12
4.4 -7.2 71.2
4.4 -6.8 65.6
4.4 -6.4 60.32
4.4 -6 55.36
4.4 -5.6 50.72
4.4 -5.2 46.4
4.4 -4.8 42.4
4.4 -4.4 38.72
4.4 -4 35.36
4.4 -3.6 32.32
4.4 -3.2 29.6
4.4 -2.8 27.2
4.4 -2.4 25.12
4.4 -2 23.36
4.4 -1.6 21.92
4.4 -1.2 20.8
4.4 -0.8 20
4.4 -0.4 19.52
4.4 0 19.36
4.4 0.4 19.52
4.4 0.8 20
4.4 1.2 20.8
4.4 1.6 21.92
4.4 2 23.36
4.4 2.4 25.12
4.4 2.8 27.2
4.4 3.2 29.6
4.4 3.6 32.32
4.4 4 35.36
4.4 4.4 38.72
4.4 4.8 42.4
4.4 5.2 46.4
4.4 5.6 50.72
4.4 6 55.36
4.4 6.4 60.32
4.4 6.8 65.6
4.4 7.2 71.2
4.4 7.6 77.12
4.4 8 83.36
4.4 8.4 89.92
4.4 8.8 96.8
4.4 9.2 104
4.4 9.6 111.52
4.4 10 119.36
4.8 -10 123.04
4.8 -9.6 115.2
4.8 -9.2 107.68
4.8 -8.8 100.48
4.8 -8.4 93.6
4.8 -8 87.04
4.8 -7.6 80.8
4.8 -7.2 74.88
4.8 -6.8 69.28
4.8 -6.4 64
4.8 -6 59.04
4.8 -5.6 54.4
4.8 -5.2 50.08
4.8 -4.8 46.08
4.8 -4.4 42.4
4.8 -4 39.04
4.8 -3.6 36
4.8 -3.2 33.28
4.8 -2.8 30.88
4.8 -2.4 28.8
4.8 -2 27.04
4.8 -1.6 25.6
4.8 -1.2 24.48
4.8 -0.8 23.68
4.8 -0.4 23.2
4.8 0 23.04
4.8 0.4 23.2
4.8 0.8 23.68
4.8 1.2 24.48
4.8 1.6 25.6
4.8 2 27.04
4.8 2.4 28.8
4.8 2.8 30.88
4.8 3.2 33.28
4.8 3.6 36
4.8 4 39.04
4.8 4.4 42.4
4.8 4.8 46.08
4.8 5.2 50.08
4.8 5.6 54.4
4.8 6 59.04
4.8 6.4 64
4.8 6.8 69.28
4.8 7.2 74.88
4.8 7.6 80.8
4.8 8 87.04
4.8 8.4 93.6
4.8 8.8 100.48
4.8 9.2 107.68
4.8 9.6 115.2
4.8 10 123.04
5.2 -10 127.04
5.2 -9.6 119.2
5.2 -9.2 111.68
5.2 -8.8 104.48
5.2 -8.4 97.6
5.2 -8 91.04
5.2 -7.6 84.8
5.2 -7.2 78.88
5.2 -6.8 73.28
5.2 -6.4 68
5.2 -6 63.04
5.2 -5.6 58.4
5.2 -5.2 54.08
5.2 -4.8 50.08
5.2 -4.4 46.4
5.2 -4 43.04
5.2 -3.6 40
5.2 -3.2 37.28
5.2 -2.8 34.88
5.2 -2.4 32.8
5.2 -2 31.04
5.2 -1.6 29.6
5.2 -1.2 28.48
5.2 -0.8 27.68
5.2 -0.4 27.2
5.2 0 27.04
5.2 0.4 27.2
5.2 0.8 27.68
5.2 1.2 28.48
5.2 1.6 29.6
5.2 2 31.04
5.2 2.4 32.8
5.2 2.8 34.88
5.2 3.2 37.28
5.2 3.6 40
5.2 4 43.04
5.2 4.4 46.4
5.2 4.8 50.08
5.2 5.2 54.08
5.2 5.6 58.4
5.2 6 63.04
5.2 6.4 68
5.2 6.8 73.28
5.2 7.2 78.88
5.2 7.6 84.8
5.2 8 91.04
5.2 8.4 97.6
5.2 8.8 104.48
5.2 9.2 111.68
5.2 9.6 119.2
5.2 10 127.04
5.6 -10 131.36
5.6 -9.6 123.52
5.6 -9.2 116
5.6 -8.8 108.8
5.6 -8.4 101.92
5.6 -8 95.36
5.6 -7.6 89.12
5.6 -7.2 83.2
5.6 -6.8 77.6
5.6 -6.4 72.32
5.6 -6 67.36
5.6 -5.6 62.72
5.6 -5.2 58.4
5.6 -4.8 54.4
5.6 -4.4 50.72
5.6 -4 47.36
5.6 -3.6 44.32
5.6 -3.2 41.6
5.6 -2.8 39.2
5.6 -2.4 37.12
5.6 -2 35.36
5.6 -1.6 33.92
5.6 -1.2 32.8
5.6 -0.8 32
5.6 -0.4 31.52
5.6 0 31.36
5.6 0.4 31.52
5.6 0.8 32
5.6 1.2 32.8
5.6 1.6 33.92
5.6 2 35.36
5.6 2.4 37.12
5.6 2.8 39.2
5.6 3.2 41.6
5.6 3.6 44.32
5.6 4 47.36
5.6 4.4 50.72
5.6 4.8 54.4
5.6 5.2 58.4
5.6 5.6 62.72
5.6 6 67.36
5.6 6.4 72.32
5.6 6.8 77.6
5.6 7.2 83.2
5.6 7.6 89.12
5.6 8 95.36
5.6 8.4 101.92
5.6 8.8 108.8
5.6 9.2 116
5.6 9.6 123.52
5.6 10 131.36
6 -10 136
6 -9.6 128.16
6 -9.2 120.64
6 -8.8 113.44
6 -8.4 106.56
6 -8 100
6 -7.6 93.76
6 -7.2 87.84
6 -6.8 82.24
6 -6.4 76.96
6 -6 72
6 -5.6 67.36
6 -5.2 63.04
6 -4.8 59.04
6 -4.4 55.36
6 -4 52
6 -3.6 48.96
6 -3.2 46.24
6 -2.8 43.84
6 -2.4 41.76
6 -2 40
6 -1.6 38.56
6 -1.2 37.44
6 -0.8 36.64
6 -0.4 36.16
6 0 36
6 0.4 36.16
6 0.8 36.64
6 1.2 37.44
6 1.6 38.56
6 2 40
6 2.4 41.76
6 2.8 43.84
6 3.2 46.24
6 3.6 48.96
6 4 52
6 4.4 55.36
6 4.8 59.04
6 5.2 63.04
6 5.6 67.36
6 6 72
6 6.4 76.96
6 6.8 82.24
6 7.2 87.84
6 7.6 93.76
6 8 100
6 8.4 106.56
6 8.8 113.44
6 9.2 120.64
6 9.6 128.16
6 10 136
6.4 -10 140.96
6.4 -9.6 133.12
6.4 -9.2 125.6
6.4 -8.8 118.4
6.4 -8.4 111.52
6.4 -8 104.96
6.4 -7.6 98.72
6.4 -7.2 92.8
6.4 -6.8 87.2
6.4 -6.4 81.92
6.4 -6 76.96
6.4 -5.6 72.32
6.4 -5.2 68
6.4 -4.8 64
6.4 -4.4 60.32
6.4 -4 56.96
6.4 -3.6 53.92
6.4 -3.2 51.2
6.4 -2.8 48.8
6.4 -2.4 46.72
6.4 -2 44.96
6.4 -1.6 43.52
6.4 -1.2 42.4
6.4 -0.8 41.6
6.4 -0.4 41.12
6.4 0 40.96
6.4 0.4 41.12
6.4 0.8 41.6
6.4 1.2 42.4
6.4 1.6 43.52
6.4 2 44.96
6.4 2.4 46.72
6.4 2.8 48.8
6.4 3.2 51.2
6.4 3.6 53.92
6.4 4 56.96
6.4 4.4 60.32
6.4 4.8 64
6.4 5.2 68
6.4 5.6 72.32
6.4 6 76.96
6.4 6.4 81.92
6.4 6.8 87.2
6.4 7.2 92.8
6.4 7.6 98.72
6.4 8 104.96
6.4 8.4 111.52
6.4 8.8 118.4
6.4 9.2 125.6
6.4 9.6 133.12
6.4 10 140.96
6.8 -10 146.24
6.8 -9.6 138.4
6.8 -9.2 130.88
6.8 -8.8 123.68
6.8 -8.4 116.8
6.8 -8 110.24
6.8 -7.6 104
6.8 -7.2 98.08
6.8 -6.8 92.48
6.8 -6.4 87.2
6.8 -6 82.24
6.8 -5.6 77.6
6.8 -5.2 73.28
6.8 -4.8 69.28
6.8 -4.4 65.6
6.8 -4 62.24
6.8 -3.6 59.2
6.8 -3.2 56.48
6.8 -2.8 54.08
6.8 -2.4 52
6.8 -2 50.24
6.8 -1.6 48.8
6.8 -1.2 47.68
6.8 -0.8 46.88
6.8 -0.4 46.4
6.8 0 46.24
6.8 0.4 46.4
6.8 0.8 46.88
6.8 1.2 47.68
6.8 1.6 48.8
6.8 2 50.24
6.8 2.4 52
6.8 2.8 54.08
6.8 3.2 56.48
6.8 3.6 59.2
6.8 4 62.24
6.8 4.4 65.6
6.8 4.8 69.28
6.8 5.2 73.28
6.8 5.6 77.6
6.8 6 82.24
6.8 6.4 87.2
6.8 6.8 92.48
6.8 7.2 98.08
6.8 7.6 104
6.8 8 110.24
6.8 8.4 116.8
6.8 8.8 123.68
6.8 9.2 130.88
6.8 9.6 138.4
6.8 10 146.24
7.2 -10 151.84
7.2 -9.6 144
7.2 -9.2 136.48
7.2 -8.8 129.28
7.2 -8.4 122.4
7.2 -8 115.84
7.2 -7.6 109.6
7.2 -7.2 103.68
7.2 -6.8 98.08
7.2 -6.4 92.8
7.2 -6 87.84
7.2 -5.6 83.2
7.2 -5.2 78.88
7.2 -4.8 74.88
7.2 -4.4 71.2
7.2 -4 67.84
7.2 -3.6 64.8
7.2 -3.2 62.08
7.2 -2.8 59.68
7.2 -2.4 57.6
7.2 -2 55.84
7.2 -1.6 54.4
7.2 -1.2 53.28
7.2 -0.8 52.48
7.2 -0.4 52
7.2 0 51.84
7.2 0.4 52
7.2 0.8 52.48
7.2 1.2 53.28
7.2 1.6 54.4
7.2 2 55.84
7.2 2.4 57.6
7.2 2.8 59.68
7.2 3.2 62.08
7.2 3.6 64.8
7.2 4 67.84
7.2 4.4 71.2
7.2 4.8 74.88
7.2 5.2 78.88
7.2 5.6 83.2
7.2 6 87.84
7.2 6.4 92.8
7.2 6.8 98.08
7.2 7.2 103.68
7.2 7.6 109.6
7.2 8 115.84
7.2 8.4 122.4
7.2 8.8 129.28
7.2 9.2 136.48
7.2 9.6 144
7.2 10 151.84
7.6 -10 157.76
7.6 -9.6 149.92
7.6 -9.2 142.4
7.6 -8.8 135.2
7.6 -8.4 128.32
7.6 -8 121.76
7.6 -7.6 115.52
7.6 -7.2 109.6
7.6 -6.8 104
7.6 -6.4 98.72
7.6 -6 93.76
7.6 -5.6 89.12
7.6 -5.2 84.8
7.6 -4.8 80.8
7.6 -4.4 77.12
7.6 -4 73.76
7.6 -3.6 70.72
7.6 -3.2 68
7.6 -2.8 65.6
7.6 -2.4 63.52
7.6 -2 61.76
7.6 -1.6 60.32
7.6 -1.2 59.2
7.6 -0.8 58.4
7.6 -0.4 57.92
7.6 0 57.76
7.6 0.4 57.92
7.6 0.8 58.4
7.6 1.2 59.2
7.6 1.6 60.32
7.6 2 61.76
7.6 2.4 63.52
7.6 2.8 65.6
7.6 3.2 68
7.6 3.6 70.72
7.6 4 73.76
7.6 4.4 77.12
7.6 4.8 80.8
7.6 5.2 84.8
7.6 5.6 89.12
7.6 6 93.76
7.6 6.4 98.72
7.6 6.8 104
7.6 7.2 109.6
7.6 7.6 115.52
7.6 8 121.76
7.6 8.4 128.32
7.6 8.8 135.2
7.6 9.2 142.4
7.6 9.6 149.92
7.6 10 157.76
8 -10 164
8 -9.6 156.16
8 -9.2 148.64
8 -8.8 141.44
8 -8.4 134.56
8 -8 128
8 -7.6 121.76
8 -7.2 115.84
8 -6.8 110.24
8 -6.4 104.96
8 -6 100
8 -5.6 95.36
8 -5.2 91.04
8 -4.8 87.04
8 -4.4 83.36
8 -4 80
8 -3.6 76.96
8 -3.2 74.24
8 -2.8 71.84
8 -2.4 69.76
8 -2 68
8 -1.6 66.56
8 -1.2 65.44
8 -0.8 64.64
8 -0.4 64.16
8 0 64
8 0.4 64.16
8 0.8 64.64
8 1.2 65.44
8 1.6 66.56
8 2 68
8 2.4 69.76
8 2.8 71.84
8 3.2 74.24
8 3.6 76.96
8 4 80
8 4.4 83.36
8 4.8 87.04
8 5.2 91.04
8 5.6 95.36
8 6 100
8 6.4 104.96
8 6.8 110.24
8 7.2 115.84
8 7.6 121.76
8 8 128
8 8.4 134.56
8 8.8 141.44
8 9.2 148.64
8 9.6 156.16
8 10 164
8.4 -10 170.56
8.4 -9.6 162.72
8.4 -9.2 155.2
8.4 -8.8 148
8.4 -8.4 141.12
8.4 -8 134.56
8.4 -7.6 128.32
8.4 -7.2 122.4
8.4 -6.8 116.8
8.4 -6.4 111.52
8.4 -6 106.56
8.4 -5.6 101.92
8.4 -5.2 97.6
8.4 -4.8 93.6
8.4 -4.4 89.92
8.4 -4 86.56
8.4 -3.6 83.52
8.4 -3.2 80.8
8.4 -2.8 78.4
8.4 -2.4 76.32
8.4 -2 74.56
8.4 -1.6 73.12
8.4 -1.2 72
8.4 -0.8 71.2
8.4 -0.4 70.72
8.4 0 70.56
8.4 0.4 70.72
8.4 0.8 71.2
8.4 1.2 72
8.4 1.6 73.12
8.4 2 74.56
8.4 2.4 76.32
8.4 2.8 78.4
8.4 3.2 80.8
8.4 3.6 83.52
8.4 4 86.56
8.4 4.4 89.92
8.4 4.8 93.6
8.4 5.2 97.6
8.4 5.6 101.92
8.4 6 106.56
8.4 6.4 111.52
8.4 6.8 116.8
8.4 7.2 122.4
8.4 7.6 128.32
8.4 8 134.56
8.4 8.4 141.12
8.4 8.8 148
8.4 9.2 155.2
8.4 9.6 162.72
8.4 10 170.56
8.8 -10 177.44
8.8 -9.6 169.6
8.8 -9.2 162.08
8.8 -8.8 154.88
8.8 -8.4 148
8.8 -8 141.44
8.8 -7.6 135.2
8.8 -7.2 129.28
8.8 -6.8 123.68
8.8 -6.4 118.4
8.8 -6 113.44
8.8 -5.6 108.8
8.8 -5.2 104.48
8.8 -4.8 100.48
8.8 -4.4 96.8
8.8 -4 93.44
8.8 -3.6 90.4
8.8 -3.2 87.68
8.8 -2.8 85.28
8.8 -2.4 83.2
8.8 -2 81.44
8.8 -1.6 80
8.8 -1.2 78.88
8.8 -0.8 78.08
8.8 -0.4 77.6
8.8 0 77.44
8.8 0.4 77.6
8.8 0.8 78.08
8.8 1.2 78.88
8.8 1.6 80
8.8 2 81.44
8.8 2.4 83.2
8.8 2.8 85.28
8.8 3.2 87.68
8.8 3.6 90.4
8.8 4 93.44
8.8 4.4 96.8
8.8 4.8 100.48
8.8 5.2 104.48
8.8 5.6 108.8
8.8 6 113.44
8.8 6.4 118.4
8.8 6.8 123.68
8.8 7.2 129.28
8.8 7.6 135.2
8.8 8 141.44
8.8 8.4 148
8.8 8.8 154.88
8.8 9.2 162.08
8.8 9.6 169.6
8.8 10 177.44
9.2 -10 184.64
9.2 -9.6 176.8
9.2 -9.2 169.28
9.2 -8.8 162.08
9.2 -8.4 155.2
9.2 -8 148.64
9.2 -7.6 142.4
9.2 -7.2 136.48
9.2 -6.8 130.88
9.2 -6.4 125.6
9.2 -6 120.64
9.2 -5.6 116
9.2 -5.2 111.68
9.2 -4.8 107.68
9.2 -4.4 104
9.2 -4 100.64
9.2 -3.6 97.6
9.2 -3.2 94.88
9.2 -2.8 92.48
9.2 -2.4 90.4
9.2 -2 88.64
9.2 -1.6 87.2
9.2 -1.2 86.08
9.2 -0.8 85.28
9.2 -0.4 84.8
9.2 0 84.64
9.2 0.4 84.8
9.2 0.8 85.28
9.2 1.2 86.08
9.2 1.6 87.2
9.2 2 88.64
9.2 2.4 90.4
9.2 2.8 92.48
9.2 3.2 94.88
9.2 3.6 97.6
9.2 4 100.64
9.2 4.4 104
9.2 4.8 107.68
9.2 5.2 111.68
9.2 5.6 116
9.2 6 120.64
9.2 6.4 125.6
9.2 6.8 130.88
9.2 7.2 136.48
9.2 7.6 142.4
9.2 8 148.64
9.2 8.4 155.2
9.2 8.8 162.08
9.2 9.2 169.28
9.2 9.6 176.8
9.2 10 184.64
9.6 -10 192.16
9.6 -9.6 184.32
9.6 -9.2 176.8
9.6 -8.8 169.6
9.6 -8.4 162.72
9.6 -8 156.16
9.6 -7.6 149.92
9.6 -7.2 144
9.6 -6.8 138.4
9.6 -6.4 133.12
9.6 -6 128.16
9.6 -5.6 123.52
9.6 -5.2 119.2
9.6 -4.8 115.2
9.6 -4.4 111.52
9.6 -4 108.16
9.6 -3.6 105.12
9.6 -3.2 102.4
9.6 -2.8 100
9.6 -2.4 97.92
9.6 -2 96.16
9.6 -1.6 94.72
9.6 -1.2 93.6
9.6 -0.8 92.8
9.6 -0.4 92.32
9.6 0 92.16
9.6 0.4 92.32
9.6 0.8 92.8
9.6 1.2 93.6
9.6 1.6 94.72
9.6 2 96.16
9.6 2.4 97.92
9.6 2.8 100
9.6 3.2 102.4
9.6 3.6 105.12
9.6 4 108.16
9.6 4.4 111.52
9.6 4.8 115.2
9.6 5.2 119.2
9.6 5.6 123.52
9.6 6 128.16
9.6 6.4 133.12
9.6 6.8 138.4
9.6 7.2 144
9.6 7.6 149.92
9.6 8 156.16
9.6 8.4 162.72
9.6 8.8 169.6
9.6 9.2 176.8
9.6 9.6 184.32
9.6 10 192.16
10 -10 200
10 -9.6 192.16
10 -9.2 184.64
10 -8.8 177.44
10 -8.4 170.56
10 -8 164
10 -7.6 157.76
10 -7.2 151.84
10 -6.8 146.24
10 -6.4 140.96
10 -6 136
10 -5.6 131.36
10 -5.2 127.04
10 -4.8 123.04
10 -4.4 119.36
10 -4 116
10 -3.6 112.96
10 -3.2 110.24
10 -2.8 107.84
10 -2.4 105.76
10 -2 104
10 -1.6 102.56
10 -1.2 101.44
10 -0.8 100.64
10 -0.4 100.16
10 0 100
10 0.4 100.16
10 0.8 100.64
10 1.2 101.44
10 1.6 102.56
10 2 104
10 2.4 105.76
10 2.8 107.84
10 3.2 110.24
10 3.6 112.96
10 4 116
10 4.4 119.36
10 4.8 123.04
10 5.2 127.04
10 5.6 131.36
10 6 136
10 6.4 140.96
10 6.8 146.24
10 7.2 151.84
10 7.6 157.76
10 8 164
10 8.4 170.56
10 8.8 177.44
10 9.2 184.64
10 9.6 192.16
10 10 200
